   2.3600000e+00
   2.3600000e+00
   2.3600000e+00
   2.3600000e+00
   2.3600000e+00
   2.8400000e+00
   2.8400000e+00
   2.8400000e+00
   2.8400000e+00
   2.8400000e+00
   2.8400000e+00
   2.8400000e+00
   2.8400000e+00
   4.0300000e+00
   4.0300000e+00
   4.0300000e+00
   4.0300000e+00
   4.0300000e+00
   4.0300000e+00
   4.0300000e+00
   4.0300000e+00
   4.0300000e+00
   4.0900000e+00
   4.0900000e+00
   4.0900000e+00
   4.0900000e+00
   4.0900000e+00
   4.0900000e+00
   4.0900000e+00
   4.0900000e+00
   4.1700000e+00
   4.1700000e+00
   4.1700000e+00
   4.1700000e+00
   4.1700000e+00
   4.1700000e+00
   3.7600000e+00
   3.7600000e+00
   3.7600000e+00
   3.7600000e+00
   3.7600000e+00
   3.7600000e+00
   3.7600000e+00
   3.7600000e+00
   3.6600000e+00
   3.6600000e+00
   3.6600000e+00
   3.6600000e+00
   3.6600000e+00
   3.6600000e+00
   3.6600000e+00
   3.6600000e+00
   3.5400000e+00
   3.5400000e+00
   3.5400000e+00
   3.8000000e+00
   3.8000000e+00
   3.5600000e+00
   3.5600000e+00
   3.5600000e+00
   3.5200000e+00
   3.5200000e+00
   3.5200000e+00
   3.6500000e+00
   3.6500000e+00
   3.5200000e+00
   3.5200000e+00
   3.5200000e+00
   3.5100000e+00
   3.5100000e+00
   3.5100000e+00
   3.6000000e+00
   3.6000000e+00
   3.6000000e+00
   3.5200000e+00
   3.5200000e+00
   3.5200000e+00
   3.5200000e+00
   3.5200000e+00
   3.6800000e+00
   3.6800000e+00
   3.6800000e+00
   3.6800000e+00
   3.6800000e+00
   3.6600000e+00
   3.6600000e+00
   3.6600000e+00
   3.6600000e+00
   3.6600000e+00
   3.0100000e+00
   3.0100000e+00
   3.0100000e+00
   3.0100000e+00
   3.0100000e+00
   3.0100000e+00
   3.2400000e+00
   3.2400000e+00
   3.2400000e+00
   3.2400000e+00
   3.2400000e+00
   3.1900000e+00
   3.1900000e+00
   3.1900000e+00
   3.1900000e+00
   3.1900000e+00
   3.1000000e+00
   3.1000000e+00
   3.1000000e+00
   3.1000000e+00
   3.1000000e+00
   3.1000000e+00
   3.2400000e+00
   3.2400000e+00
   3.2400000e+00
   3.2400000e+00
   3.2400000e+00
   3.2400000e+00
   3.2400000e+00
   2.7700000e+00
   2.7700000e+00
   2.7700000e+00
   2.7700000e+00
   2.7700000e+00
   2.7700000e+00
   2.7700000e+00
   2.7700000e+00
   3.2400000e+00
   3.2400000e+00
   3.2400000e+00
   3.2400000e+00
   3.2400000e+00
   3.2400000e+00
   3.7800000e+00
   3.7800000e+00
   3.7800000e+00
   3.7800000e+00
   3.7800000e+00
   3.7800000e+00
   3.9300000e+00
   3.9300000e+00
   3.9300000e+00
   3.9300000e+00
   3.7900000e+00
   3.7900000e+00
   3.7900000e+00
   3.7900000e+00
   3.7900000e+00
   3.7900000e+00
   3.7900000e+00
   3.7900000e+00
   3.7900000e+00
   3.7100000e+00
   3.7100000e+00
   3.7100000e+00
   3.7100000e+00
   3.7100000e+00
   3.7100000e+00
   3.7100000e+00
   3.7100000e+00
   3.7100000e+00
   3.7100000e+00
   3.7600000e+00
   3.7600000e+00
   3.7600000e+00
   3.7600000e+00
   3.7600000e+00
   3.8800000e+00
   3.8800000e+00
   3.8800000e+00
   3.8800000e+00
   3.8800000e+00
   3.5200000e+00
   3.5200000e+00
   3.5200000e+00
   3.5200000e+00
   3.5200000e+00
   3.3400000e+00
   3.3400000e+00
   3.3400000e+00
   3.3400000e+00
   3.3400000e+00
   3.3400000e+00
   3.5100000e+00
   3.5100000e+00
   3.5100000e+00
   3.5100000e+00
   3.5100000e+00
   3.6200000e+00
   3.6200000e+00
   3.6200000e+00
   3.6200000e+00
   3.6200000e+00
   3.2900000e+00
   3.2900000e+00
   3.2900000e+00
   3.2900000e+00
   3.2900000e+00
   3.2900000e+00
   3.0600000e+00
   3.0600000e+00
   3.0600000e+00
   3.0600000e+00
   3.0600000e+00
   3.0600000e+00
   2.9500000e+00
   2.9500000e+00
   2.9500000e+00
   2.9500000e+00
   2.9500000e+00
   2.9500000e+00
   2.9500000e+00
   2.9500000e+00
   2.9500000e+00
   2.9500000e+00
   2.9500000e+00
   2.9500000e+00
   2.9500000e+00
   3.4900000e+00
   3.4900000e+00
   3.4900000e+00
   3.4900000e+00
   3.4900000e+00
   3.4900000e+00
   3.4900000e+00
   3.4900000e+00
   3.4900000e+00
   3.4900000e+00
   3.4900000e+00
   3.4900000e+00
   3.4900000e+00
   3.4900000e+00
   2.9800000e+00
   2.9800000e+00
   2.9800000e+00
   2.9800000e+00
   2.9800000e+00
   2.9800000e+00
   2.9800000e+00
   2.5500000e+00
   2.5500000e+00
   2.5500000e+00
   2.5500000e+00
   3.0400000e+00
   3.0400000e+00
   3.0400000e+00
   3.0400000e+00
   3.0400000e+00
   3.7900000e+00
   3.7900000e+00
   3.7900000e+00
   3.7900000e+00
   3.7900000e+00
   3.7900000e+00
   3.7900000e+00
   3.7900000e+00
   3.7900000e+00
   3.7900000e+00
   3.6800000e+00
   3.6800000e+00
   3.6800000e+00
   3.6800000e+00
   3.6800000e+00
   3.6800000e+00
   3.6800000e+00
   3.6800000e+00
   3.6800000e+00
   3.6800000e+00
   3.6800000e+00
   3.6800000e+00
   3.6800000e+00
   3.5700000e+00
   3.5700000e+00
   3.5700000e+00
   3.5700000e+00
   3.5700000e+00
   3.5700000e+00
   3.5700000e+00
   3.5700000e+00
   3.5700000e+00
   3.5700000e+00
   3.5700000e+00
   3.5700000e+00
   3.5600000e+00
   3.5600000e+00
   3.5600000e+00
   3.5600000e+00
   3.5600000e+00
   3.5600000e+00
   3.5600000e+00
   3.5600000e+00
   3.5600000e+00
   3.5600000e+00
   3.5600000e+00
   3.5600000e+00
   3.5600000e+00
   3.5600000e+00
   3.5600000e+00
   3.6300000e+00
   3.6300000e+00
   3.6300000e+00
   3.6300000e+00
   3.6300000e+00
   3.6300000e+00
   3.6300000e+00
   3.6300000e+00
   3.6300000e+00
   3.6300000e+00
   3.6300000e+00
   3.6300000e+00
   3.6300000e+00
   3.6300000e+00
   3.6300000e+00
   3.0400000e+00
   3.0400000e+00
   3.0400000e+00
   3.0400000e+00
   3.0400000e+00
   3.0400000e+00
   3.0400000e+00
   3.0400000e+00
   3.0400000e+00
   3.0400000e+00
   3.0400000e+00
   3.0400000e+00
   3.0400000e+00
   3.0400000e+00
   3.0400000e+00
   3.3600000e+00
   3.3600000e+00
   3.3600000e+00
   3.3600000e+00
   3.3600000e+00
   3.3600000e+00
   3.3600000e+00
   3.3600000e+00
   3.3600000e+00
   3.3600000e+00
   3.3600000e+00
   3.3600000e+00
   3.3600000e+00
   3.3600000e+00
   3.7900000e+00
   3.7900000e+00
   3.7900000e+00
   3.7900000e+00
   3.7900000e+00
   3.7900000e+00
   3.4900000e+00
   3.4900000e+00
   3.4900000e+00
   3.4900000e+00
   3.4900000e+00
   3.4900000e+00
   3.4900000e+00
   3.4900000e+00
   3.8300000e+00
   3.8300000e+00
   3.8300000e+00
   3.8300000e+00
   3.8300000e+00
   3.8300000e+00
   3.8300000e+00
   3.8300000e+00
   3.8300000e+00
   3.8300000e+00
   3.8300000e+00
   3.8300000e+00
   3.4900000e+00
   3.4900000e+00
   3.4900000e+00
   3.4900000e+00
   3.4900000e+00
   3.4900000e+00
   3.4900000e+00
   3.4900000e+00
   3.4900000e+00
   3.4900000e+00
   3.4900000e+00
   3.1000000e+00
   3.1000000e+00
   3.1000000e+00
   3.1000000e+00
   3.1000000e+00
   3.1000000e+00
   3.1000000e+00
   3.1000000e+00
   3.1200000e+00
   3.1200000e+00
   3.1200000e+00
   3.1200000e+00
   3.1200000e+00
   3.1200000e+00
   3.1200000e+00
   3.1200000e+00
   3.1200000e+00
   3.1700000e+00
   3.1700000e+00
   3.1700000e+00
   3.1700000e+00
   3.1700000e+00
   3.1700000e+00
   3.1700000e+00
   3.1700000e+00
   3.1700000e+00
   3.1700000e+00
   3.1700000e+00
   2.7200000e+00
   2.7200000e+00
   2.7200000e+00
   2.7200000e+00
   2.7200000e+00
   2.7200000e+00
   2.7200000e+00
   2.7200000e+00
   2.7200000e+00
   2.8300000e+00
   2.8300000e+00
   2.8300000e+00
   2.8300000e+00
   3.7200000e+00
   3.7200000e+00
   3.7200000e+00
   3.7200000e+00
   3.7200000e+00
   3.7200000e+00
   3.7200000e+00
   4.3100000e+00
   4.3100000e+00
   4.3100000e+00
   4.3100000e+00
   4.3100000e+00
   4.3100000e+00
   4.3100000e+00
   4.3100000e+00
   4.3100000e+00
   4.3100000e+00
   4.3100000e+00
   3.8400000e+00
   3.8400000e+00
   3.8400000e+00
   3.8400000e+00
   3.8400000e+00
   3.8400000e+00
   3.8400000e+00
   3.8400000e+00
   3.8400000e+00
   3.8400000e+00
   3.8400000e+00
   3.8400000e+00
   3.8400000e+00
   4.1600000e+00
   4.1600000e+00
   4.1600000e+00
   4.1600000e+00
   4.1600000e+00
   4.1600000e+00
   4.1600000e+00
   4.1600000e+00
   4.1600000e+00
   4.1600000e+00
   4.1600000e+00
   4.1600000e+00
   4.1600000e+00
   4.1600000e+00
   4.1600000e+00
   3.5400000e+00
   3.5400000e+00
   3.5400000e+00
   3.5400000e+00
   3.5400000e+00
   3.5400000e+00
   3.5400000e+00
   3.5400000e+00
   3.5400000e+00
   3.5400000e+00
   3.5400000e+00
   3.5400000e+00
   3.5400000e+00
   3.5400000e+00
   3.5400000e+00
   3.5400000e+00
   3.5400000e+00
   3.5400000e+00
   3.5400000e+00
   3.5400000e+00
   3.5400000e+00
   3.5400000e+00
   3.5400000e+00
   3.5400000e+00
   3.5400000e+00
   3.5400000e+00
   3.5400000e+00
   3.5400000e+00
   3.5400000e+00
   3.5400000e+00
   3.5400000e+00
   3.5400000e+00
   3.5400000e+00
   3.5400000e+00
   3.5400000e+00
   3.5400000e+00
