   2.8210295e+00
   2.8210295e+00
   2.8210295e+00
   2.8636781e+00
   2.8636781e+00
   2.8636781e+00
   2.8636781e+00
   2.8636781e+00
   2.8636781e+00
   2.8636781e+00
   3.9246917e+00
   3.9246917e+00
   3.9246917e+00
   3.9246917e+00
   3.9246917e+00
   3.9246917e+00
   3.9246917e+00
   4.4863389e+00
   4.4863389e+00
   4.4863389e+00
   4.4863389e+00
   4.4863389e+00
   4.4863389e+00
   4.4863389e+00
   4.4863389e+00
   4.0064742e+00
   4.0064742e+00
   4.0064742e+00
   4.0064742e+00
   4.0064742e+00
   4.0064742e+00
   4.0064742e+00
   4.0064742e+00
   4.3813389e+00
   4.3813389e+00
   4.3813389e+00
   4.3813389e+00
   4.3813389e+00
   4.2775199e+00
   4.2775199e+00
   4.2775199e+00
   4.2775199e+00
   4.1310310e+00
   4.1310310e+00
   4.1310310e+00
   4.1310310e+00
   4.1310310e+00
   4.0689567e+00
   4.0689567e+00
   4.0689567e+00
   4.0689567e+00
   3.8087528e+00
   3.8087528e+00
   3.8087528e+00
   3.8087528e+00
   3.8087528e+00
   3.9898007e+00
   3.9898007e+00
   3.9898007e+00
   3.9331841e+00
   3.9331841e+00
   3.9331841e+00
   3.9331841e+00
   4.0166519e+00
   4.0166519e+00
   4.2319717e+00
   4.2319717e+00
   4.2319717e+00
   3.7027386e+00
   3.7027386e+00
   3.9443639e+00
   3.9443639e+00
   3.9443639e+00
   3.7212732e+00
   3.7212732e+00
   3.7212732e+00
   3.7212732e+00
   3.8633380e+00
   3.8633380e+00
   3.8633380e+00
   3.5816376e+00
   3.5816376e+00
   3.5253166e+00
   3.5253166e+00
   4.2550001e+00
   4.2550001e+00
   4.2550001e+00
   3.6805086e+00
   3.6805086e+00
   3.6805086e+00
   3.6805086e+00
   3.6805086e+00
   3.6805086e+00
   3.5706463e+00
   3.5706463e+00
   3.5706463e+00
   3.5706463e+00
   3.5706463e+00
   3.5706463e+00
   3.6512770e+00
   3.6512770e+00
   3.6512770e+00
   3.6512770e+00
   3.4319775e+00
   3.4319775e+00
   3.4319775e+00
   3.1337579e+00
   3.1337579e+00
   4.1703532e+00
   4.1703532e+00
   4.1703532e+00
   3.4511534e+00
   3.4511534e+00
   3.4511534e+00
   3.4511534e+00
   2.9879246e+00
   2.9879246e+00
   2.9879246e+00
   2.9692814e+00
   2.9692814e+00
   2.9692814e+00
   2.8450654e+00
   2.8450654e+00
   2.8450654e+00
   2.8450654e+00
   2.8380935e+00
   2.8380935e+00
   2.8380935e+00
   2.8380935e+00
   2.8380935e+00
   2.8380935e+00
   2.8380935e+00
   2.8380935e+00
   2.8380935e+00
   4.5383928e+00
   4.5383928e+00
   4.5383928e+00
   4.5383928e+00
   4.5383928e+00
   4.5383928e+00
   4.5383928e+00
   4.5383928e+00
   4.5493882e+00
   4.5493882e+00
   4.5493882e+00
   4.5493882e+00
   4.0591727e+00
   4.0591727e+00
   4.0591727e+00
   4.3646289e+00
   4.3646289e+00
   4.3646289e+00
   3.9697313e+00
   3.9697313e+00
   3.9697313e+00
   4.2636538e+00
   4.2636538e+00
   4.1446770e+00
   4.1446770e+00
   4.1446770e+00
   4.1446770e+00
   4.3976049e+00
   4.3976049e+00
   4.3976049e+00
   4.3976049e+00
   4.3976049e+00
   4.1414845e+00
   4.1414845e+00
   4.1414845e+00
   4.1414845e+00
   4.1414845e+00
   4.1414845e+00
   3.5866019e+00
   3.5866019e+00
   3.5866019e+00
   3.5866019e+00
   3.5866019e+00
   4.0986336e+00
   4.0986336e+00
   4.0986336e+00
   4.0986336e+00
   4.0576147e+00
   4.0576147e+00
   4.0576147e+00
   4.0576147e+00
   4.0290845e+00
   4.0290845e+00
   4.0290845e+00
   3.8990259e+00
   3.8990259e+00
   3.8990259e+00
   3.8990259e+00
   3.4387028e+00
   3.4387028e+00
   3.4387028e+00
   3.4387028e+00
   3.2509931e+00
   3.2509931e+00
   3.2509931e+00
   3.2509931e+00
   3.2509931e+00
   3.4531071e+00
   3.4531071e+00
   3.4531071e+00
   3.3111842e+00
   3.3111842e+00
   3.3111842e+00
   3.3111842e+00
   3.1977187e+00
   3.1977187e+00
   3.1977187e+00
   3.3265365e+00
   3.3265365e+00
   3.3265365e+00
   3.3265365e+00
   3.1262584e+00
   3.1262584e+00
   3.4714781e+00
   3.4714781e+00
   3.5472391e+00
   3.5472391e+00
   3.5472391e+00
   3.5472391e+00
   4.0706870e+00
   4.0706870e+00
   4.0706870e+00
   4.0706870e+00
   3.7210933e+00
   3.7210933e+00
   3.7210933e+00
   3.7210933e+00
   3.3778399e+00
   3.3778399e+00
   3.3778399e+00
   3.3778399e+00
   3.1681429e+00
   3.1681429e+00
   3.1681429e+00
   3.0112595e+00
   3.0112595e+00
   3.0112595e+00
   3.0112595e+00
   3.7323805e+00
   3.7323805e+00
   3.7323805e+00
   4.2238990e+00
   4.2238990e+00
   4.2238990e+00
   3.7312158e+00
   3.7312158e+00
   3.7312158e+00
   3.7312158e+00
   3.7312158e+00
   4.0702324e+00
   4.0702324e+00
   4.0702324e+00
   4.0702324e+00
   4.0702324e+00
   4.0702324e+00
   4.0702324e+00
   4.3412205e+00
   4.3412205e+00
   4.3412205e+00
   4.3412205e+00
   4.3412205e+00
   4.0172120e+00
   4.0172120e+00
   4.0172120e+00
   4.0172120e+00
   4.0172120e+00
   4.1785517e+00
   4.1785517e+00
   4.1785517e+00
   4.1785517e+00
   3.9665336e+00
   3.9665336e+00
   3.9665336e+00
   3.9665336e+00
   3.9665336e+00
   3.9507810e+00
   3.9507810e+00
   3.9507810e+00
   3.9507810e+00
   3.9507810e+00
   3.9507810e+00
   3.4813707e+00
   3.4813707e+00
   3.4813707e+00
   3.4813707e+00
   3.4813707e+00
   3.4813707e+00
   3.4813707e+00
   4.1103502e+00
   4.1103502e+00
   4.1103502e+00
   4.1103502e+00
   3.6729741e+00
   3.6729741e+00
   3.6729741e+00
   3.6729741e+00
   3.6729741e+00
   3.2681311e+00
   3.2681311e+00
   3.2681311e+00
   3.2681311e+00
   3.2681311e+00
   3.4211156e+00
   3.4211156e+00
   3.4211156e+00
   3.4211156e+00
   3.4211156e+00
   3.3443785e+00
   3.3443785e+00
   3.3443785e+00
   3.3443785e+00
   3.3694439e+00
   3.3694439e+00
   3.3694439e+00
   3.3092355e+00
   3.3092355e+00
   3.1188869e+00
   3.1188869e+00
   3.1188869e+00
   2.6959558e+00
   2.6959558e+00
   2.9817909e+00
   2.9817909e+00
   2.9817909e+00
   2.9672680e+00
   2.9672680e+00
   3.0231179e+00
   3.0231179e+00
   3.0231179e+00
   3.7425048e+00
   3.7425048e+00
   2.7889916e+00
   2.7889916e+00
   3.5616991e+00
   3.5616991e+00
   3.5616991e+00
   4.2713639e+00
   4.2713639e+00
   4.2713639e+00
   4.6498223e+00
   4.6498223e+00
   4.3866144e+00
   4.3866144e+00
   4.3866144e+00
   4.5688102e+00
   4.5688102e+00
   4.5688102e+00
   4.2952328e+00
   4.2952328e+00
   4.2952328e+00
   4.1998024e+00
   4.1998024e+00
   4.1998024e+00
   4.2800591e+00
   4.2800591e+00
   3.9396993e+00
   3.9396993e+00
   3.9396993e+00
   3.9898326e+00
   3.9898326e+00
   3.9898326e+00
   3.9671610e+00
   3.9671610e+00
   3.9726528e+00
   3.9726528e+00
   3.8609344e+00
   3.8609344e+00
   3.8810683e+00
   3.8810683e+00
   3.9203685e+00
   3.9203685e+00
   3.8336066e+00
   3.8336066e+00
   3.8336066e+00
   3.6856276e+00
   3.6856276e+00
   3.6856276e+00
   3.6856276e+00
   3.7790505e+00
   3.7790505e+00
   3.7790505e+00
   3.7790505e+00
   3.7790505e+00
   3.7790505e+00
   3.4328197e+00
   3.4328197e+00
   3.4328197e+00
   3.4328197e+00
   3.4328197e+00
   3.6639460e+00
   3.6639460e+00
   3.6639460e+00
   3.6639460e+00
   3.6639460e+00
   2.8522274e+00
   2.8522274e+00
   2.8522274e+00
   2.8522274e+00
   2.8522274e+00
   2.8522274e+00
   2.9350539e+00
   2.9350539e+00
   2.9350539e+00
   2.9350539e+00
   2.9350539e+00
   2.9350539e+00
   3.0296140e+00
   3.0296140e+00
   3.0296140e+00
   3.0296140e+00
   3.0296140e+00
   3.2359898e+00
   3.2359898e+00
   3.2359898e+00
   3.2359898e+00
   3.2359898e+00
   3.2359898e+00
   3.2199195e+00
   3.2199195e+00
   3.2199195e+00
   3.2199195e+00
   3.2199195e+00
   3.2199195e+00
   4.4187250e+00
   4.4187250e+00
   4.4187250e+00
   4.4187250e+00
   4.6145461e+00
   4.6145461e+00
   4.6145461e+00
   4.6145461e+00
   4.6145461e+00
   4.3595914e+00
   4.3595914e+00
   4.3595914e+00
   4.3595914e+00
   4.7612939e+00
   4.7612939e+00
   4.7612939e+00
   4.3742716e+00
   4.3742716e+00
   4.3365631e+00
   4.3365631e+00
   3.8321898e+00
   3.8321898e+00
   3.8321898e+00
   4.0480485e+00
   4.0480485e+00
   4.0480485e+00
   4.0480485e+00
   4.0480485e+00
   4.0480485e+00
   4.0867376e+00
   4.0867376e+00
   4.0867376e+00
   4.0867376e+00
   4.0867376e+00
   4.0867376e+00
   4.0867376e+00
   4.1483153e+00
   4.1483153e+00
   4.1483153e+00
   4.1483153e+00
   4.1483153e+00
   4.1483153e+00
   4.1483153e+00
   3.6037515e+00
   3.6037515e+00
   3.6037515e+00
   3.6037515e+00
   3.5310597e+00
   3.5310597e+00
   3.8694333e+00
   3.8694333e+00
   3.8694333e+00
   3.7542007e+00
   3.7542007e+00
   3.8027358e+00
   3.8027358e+00
   3.3794190e+00
   3.3794190e+00
   3.7374874e+00
   3.7374874e+00
   3.4304339e+00
   3.4304339e+00
   3.4304339e+00
   3.4304339e+00
   3.4304339e+00
   3.4304339e+00
   3.4304339e+00
   3.4304339e+00
   3.4304339e+00
   3.4304339e+00
   3.4304339e+00
   3.4304339e+00
   3.4304339e+00
