   3.2894664e+00
   3.4101498e+00
   3.1316979e+00
   3.1232564e+00
   3.4081488e+00
   3.8071486e+00
   3.4565625e+00
   3.6469192e+00
   3.4729572e+00
   3.6972673e+00
   4.0079720e+00
   4.1918631e+00
   4.3575348e+00
   5.0607114e+00
   4.5048006e+00
   4.8386333e+00
   4.8543930e+00
   4.2624414e+00
   5.0523240e+00
   5.2964820e+00
   5.2775070e+00
   4.9869910e+00
   5.3311699e+00
   5.3970771e+00
   5.1017187e+00
   5.1291305e+00
   4.9387751e+00
   4.9651964e+00
   5.1397089e+00
   5.4015844e+00
   4.9227832e+00
   4.7148338e+00
   5.0765601e+00
   4.9694776e+00
   4.9836587e+00
   4.8907864e+00
   4.7931002e+00
   4.8867150e+00
   4.7399913e+00
   4.7278503e+00
   4.8184611e+00
   4.6402576e+00
   4.7475636e+00
   4.7148364e+00
   4.8078966e+00
   4.8630254e+00
   4.5889935e+00
   4.9845637e+00
   4.6202828e+00
   4.8315346e+00
   4.7931777e+00
   4.6748873e+00
   4.7999326e+00
   4.7164683e+00
   4.6469779e+00
   4.4980713e+00
   4.6280689e+00
   4.7068798e+00
   4.4786860e+00
   4.7882786e+00
   4.7817939e+00
   4.5858497e+00
   4.7058448e+00
   4.7169629e+00
   4.7175724e+00
   5.0024752e+00
   5.0880823e+00
   4.6567954e+00
   4.7881681e+00
   4.4803597e+00
   4.6247660e+00
   4.3438856e+00
   4.5475703e+00
   4.6592330e+00
   4.7045761e+00
   4.3157940e+00
   4.5416711e+00
   4.5302388e+00
   4.5636035e+00
   4.1338295e+00
   4.3072163e+00
   4.2096063e+00
   3.8937880e+00
   4.4895511e+00
   4.5306976e+00
   4.6674961e+00
   4.6841272e+00
   4.9739312e+00
   4.5680869e+00
   4.1950642e+00
   4.2053092e+00
   4.3512589e+00
   4.2507628e+00
   4.3056572e+00
   4.1093243e+00
   4.2662791e+00
   4.2825651e+00
   3.9920520e+00
   4.1660472e+00
   4.2415733e+00
   4.0281331e+00
   4.2711527e+00
   4.0461983e+00
   4.1089857e+00
   4.1329329e+00
   4.1681985e+00
   3.9877142e+00
   4.0921378e+00
   3.4484597e+00
   4.4841202e+00
   4.1232159e+00
   4.5319228e+00
   4.2322704e+00
   4.0168879e+00
   4.0863965e+00
   4.3367249e+00
   3.9763088e+00
   4.2981637e+00
   4.1237546e+00
   3.3539835e+00
   3.5112408e+00
   3.4269431e+00
   3.3802504e+00
   3.4365161e+00
   3.4780032e+00
   3.1930046e+00
   3.2589459e+00
   3.4805211e+00
   3.5002281e+00
   3.3720896e+00
   4.3008367e+00
   4.3091559e+00
   4.6243239e+00
   4.6279569e+00
   4.4645589e+00
   4.7081950e+00
   5.0525419e+00
   5.0101181e+00
   5.3005517e+00
   5.1648694e+00
   5.2030430e+00
   5.0052163e+00
   5.0923635e+00
   5.0606721e+00
   5.0061234e+00
   5.0338412e+00
   5.1193313e+00
   4.8535712e+00
   4.8586283e+00
   4.8101641e+00
   4.9643569e+00
   4.8722403e+00
   4.8090518e+00
   4.5515464e+00
   4.9735829e+00
   4.5847738e+00
   4.9092013e+00
   4.7446500e+00
   4.7796627e+00
   5.1606159e+00
   5.2523819e+00
   4.9486270e+00
   4.9365800e+00
   4.8777498e+00
   4.9113341e+00
   4.8402051e+00
   4.7326071e+00
   4.7655105e+00
   5.0808040e+00
   4.8867812e+00
   4.6176596e+00
   4.7522544e+00
   4.6933940e+00
   4.6843189e+00
   4.9310843e+00
   4.5471698e+00
   4.6188003e+00
   4.5522956e+00
   4.4871201e+00
   4.5061877e+00
   4.5735193e+00
   4.6116387e+00
   4.6571936e+00
   4.9549464e+00
   4.8375662e+00
   4.7570083e+00
   4.8188278e+00
   4.7586807e+00
   4.6045026e+00
   4.8547375e+00
   4.6196789e+00
   4.6224974e+00
   4.1832393e+00
   4.5257648e+00
   4.1703343e+00
   3.7976924e+00
   4.2852179e+00
   4.1015052e+00
   4.1015052e+00
   3.9807138e+00
   3.8906950e+00
   3.9055342e+00
   3.8368970e+00
   3.7967537e+00
   3.5740871e+00
   3.7103148e+00
   4.2364919e+00
   3.8551524e+00
   3.6564460e+00
   3.7995372e+00
   3.9687555e+00
   3.8439170e+00
   4.2071786e+00
   4.0831129e+00
   3.8509969e+00
   3.8357750e+00
   3.9593312e+00
   4.8125276e+00
   4.0258577e+00
   3.7299199e+00
   4.7220682e+00
   4.6911535e+00
   4.9238656e+00
   4.4533776e+00
   4.7211722e+00
   4.7158034e+00
   4.4675618e+00
   4.6613597e+00
   4.4538493e+00
   4.5128172e+00
   4.3697728e+00
   4.5882288e+00
   4.5136716e+00
   4.5634875e+00
   4.0199551e+00
   4.1451877e+00
   3.9792001e+00
   3.6692577e+00
   3.7298730e+00
   3.4333990e+00
   3.7444492e+00
   3.7885009e+00
   3.8414648e+00
   3.6496513e+00
   4.1584604e+00
   4.4419019e+00
   4.7190636e+00
   4.7934506e+00
   4.8525223e+00
   4.5794260e+00
   4.5651096e+00
   4.8939766e+00
   4.9960124e+00
   4.9221824e+00
   4.8406657e+00
   4.4621276e+00
   4.7666202e+00
   4.6097182e+00
   4.8936692e+00
   4.7497296e+00
   4.8287785e+00
   4.7342068e+00
   4.8385624e+00
   4.5883402e+00
   4.6004423e+00
   4.7761688e+00
   4.8617206e+00
   4.9016328e+00
   4.5470180e+00
   4.8055681e+00
   4.8137549e+00
   4.9657570e+00
   5.1444815e+00
   4.6931136e+00
   4.4920495e+00
   4.5698252e+00
   4.7259170e+00
   4.6504327e+00
   4.4945061e+00
   4.4947728e+00
   4.5849572e+00
   4.4094456e+00
   4.3464367e+00
   4.1217101e+00
   4.1122515e+00
   3.8396086e+00
   4.2083218e+00
   4.1192967e+00
   4.2673913e+00
   4.1531295e+00
   4.7129039e+00
   4.2067078e+00
   4.2972531e+00
   4.3856777e+00
   4.7197306e+00
   4.6016022e+00
   4.6386499e+00
   4.4753027e+00
   4.7839350e+00
   4.3920011e+00
   4.3900652e+00
   4.2176656e+00
   4.4171502e+00
   4.1152048e+00
   4.0549547e+00
   4.3490415e+00
   4.6769764e+00
   4.1618867e+00
   4.0097200e+00
   3.9463868e+00
   4.0472145e+00
   4.0077868e+00
   3.9197341e+00
   4.1059611e+00
   3.7930297e+00
   3.8687016e+00
   4.0634917e+00
   3.8752676e+00
   3.5441697e+00
   3.6265052e+00
   3.8980362e+00
   3.5449023e+00
   3.8341605e+00
   3.7672521e+00
   3.0540023e+00
   3.4901760e+00
   3.2622237e+00
   3.7287798e+00
   3.8143510e+00
   3.5397494e+00
   3.3523557e+00
   3.6521816e+00
   4.3415938e+00
   3.4238326e+00
   3.6787204e+00
   4.0835861e+00
   4.5412722e+00
   4.6266792e+00
   3.6561995e+00
   4.2309021e+00
   4.8572304e+00
   5.1974690e+00
   5.2883993e+00
   4.8305846e+00
   4.9871074e+00
   5.0954825e+00
   4.9416174e+00
   5.0092905e+00
   4.2833641e+00
   5.0343827e+00
   4.9269230e+00
   4.8071356e+00
   4.7634451e+00
   4.7838114e+00
   5.0699592e+00
   4.7907533e+00
   4.4489420e+00
   4.6528042e+00
   4.9497326e+00
   4.6263332e+00
   4.7709587e+00
   4.6864519e+00
   4.7974911e+00
   4.5787419e+00
   4.5959850e+00
   4.8440797e+00
   4.7764676e+00
   4.7768035e+00
   4.1686874e+00
   4.6485469e+00
   4.7186415e+00
   4.4871601e+00
   4.6318756e+00
   4.2656037e+00
   4.4924010e+00
   4.5473286e+00
   4.6807311e+00
   4.4150335e+00
   4.4003162e+00
   4.4221356e+00
   4.4698018e+00
   4.5207438e+00
   4.5650093e+00
   4.5002335e+00
   4.3654227e+00
   4.4526995e+00
   4.1860820e+00
   3.9855732e+00
   4.4398044e+00
   4.2506796e+00
   4.1152267e+00
   4.0296101e+00
   4.1375278e+00
   3.8389832e+00
   4.0274394e+00
   4.0095069e+00
   3.5290849e+00
   3.7985438e+00
   3.6079373e+00
   3.5660288e+00
   3.5730820e+00
   3.6287268e+00
   3.4364493e+00
   3.4055322e+00
   3.5863328e+00
   3.3678097e+00
   3.3797478e+00
   3.3961932e+00
   3.8915363e+00
   3.5483228e+00
   3.6532391e+00
   3.6811456e+00
   3.4899655e+00
   3.4565826e+00
   3.7413841e+00
   3.4328143e+00
   3.9448089e+00
   3.9094607e+00
   3.7168672e+00
   4.0974521e+00
   4.2983032e+00
   4.1289082e+00
   3.9873039e+00
   3.8075710e+00
   4.1721620e+00
   4.2791615e+00
   4.9486362e+00
   4.2329617e+00
   5.3603043e+00
   5.0197936e+00
   5.0763607e+00
   5.1590409e+00
   5.4327223e+00
   5.2214009e+00
   5.0488569e+00
   5.3341276e+00
   5.2162873e+00
   5.3807215e+00
   5.3016650e+00
   5.4032916e+00
   5.4358713e+00
   5.1404752e+00
   5.0773900e+00
   5.0473107e+00
   5.1870373e+00
   5.2111322e+00
   4.9647632e+00
   4.9208195e+00
   4.9110433e+00
   4.8617583e+00
   5.1143796e+00
   4.6281677e+00
   4.8032131e+00
   4.8597230e+00
   5.0119700e+00
   4.6958926e+00
   4.8451116e+00
   5.0109180e+00
   4.7578776e+00
   4.8424864e+00
   4.8813699e+00
   4.8673232e+00
   4.7888242e+00
   4.7698542e+00
   5.1259238e+00
   4.8381011e+00
   4.9093302e+00
   4.7623932e+00
   4.5766024e+00
   4.9048615e+00
   4.2736956e+00
   4.3937531e+00
   4.1512539e+00
   4.5918321e+00
   4.4115893e+00
   4.5597833e+00
   4.5346401e+00
   4.6289673e+00
   4.6684440e+00
   4.4961592e+00
   4.1871529e+00
   4.4275642e+00
   4.3871311e+00
   4.3057253e+00
   4.1262853e+00
   4.1604918e+00
   4.1709525e+00
   4.2096642e+00
   4.0286704e+00
   3.9547181e+00
   3.9547181e+00
   4.0105604e+00
   3.8798646e+00
   3.8894861e+00
   4.1835925e+00
   3.9443713e+00
   4.1174293e+00
   3.8628382e+00
   4.1229635e+00
   3.9519292e+00
