   0.0000000e+00   3.2300000e+00
   1.0000000e+00   3.3100000e+00
   2.0000000e+00   3.3100000e+00
   3.0000000e+00   3.3100000e+00
   4.0000000e+00   3.2600000e+00
   5.0000000e+00   3.2600000e+00
   6.0000000e+00   3.3300000e+00
   7.0000000e+00   3.3200000e+00
   8.0000000e+00   3.3600000e+00
   9.0000000e+00   3.4200000e+00
   1.0000000e+01   3.5900000e+00
   1.1000000e+01   3.6600000e+00
   1.2000000e+01   3.8300000e+00
   1.3000000e+01   4.1200000e+00
   1.4000000e+01   4.1900000e+00
   1.5000000e+01   4.4000000e+00
   1.6000000e+01   4.5500000e+00
   1.7000000e+01   4.7600000e+00
   1.8000000e+01   4.8900000e+00
   1.9000000e+01   4.9300000e+00
   2.0000000e+01   4.8400000e+00
   2.1000000e+01   4.9000000e+00
   2.2000000e+01   4.8600000e+00
   2.3000000e+01   4.8100000e+00
   2.4000000e+01   4.7500000e+00
   2.5000000e+01   4.7500000e+00
   2.6000000e+01   4.7500000e+00
   2.7000000e+01   4.6900000e+00
   2.8000000e+01   4.6000000e+00
   2.9000000e+01   4.5600000e+00
   3.0000000e+01   4.6000000e+00
   3.1000000e+01   4.5500000e+00
   3.2000000e+01   4.5400000e+00
   3.3000000e+01   4.5000000e+00
   3.4000000e+01   4.4700000e+00
   3.5000000e+01   4.4600000e+00
   3.6000000e+01   4.4700000e+00
   3.7000000e+01   4.3600000e+00
   3.8000000e+01   4.3100000e+00
   3.9000000e+01   4.4100000e+00
   4.0000000e+01   4.4600000e+00
   4.1000000e+01   4.4600000e+00
   4.2000000e+01   4.4900000e+00
   4.3000000e+01   4.4200000e+00
   4.4000000e+01   4.4100000e+00
   4.5000000e+01   4.4100000e+00
   4.6000000e+01   4.3500000e+00
   4.7000000e+01   4.2500000e+00
   4.8000000e+01   4.3200000e+00
   4.9000000e+01   4.3900000e+00
   5.0000000e+01   4.4100000e+00
   5.1000000e+01   4.3000000e+00
   5.2000000e+01   4.3000000e+00
   5.3000000e+01   4.2500000e+00
   5.4000000e+01   4.2400000e+00
   5.5000000e+01   4.2200000e+00
   5.6000000e+01   4.3200000e+00
   5.7000000e+01   4.3500000e+00
   5.8000000e+01   4.2600000e+00
   5.9000000e+01   4.2400000e+00
   6.0000000e+01   4.2700000e+00
   6.1000000e+01   4.3800000e+00
   6.2000000e+01   4.4200000e+00
   6.3000000e+01   4.5400000e+00
   6.4000000e+01   4.5700000e+00
   6.5000000e+01   4.5000000e+00
   6.6000000e+01   4.4900000e+00
   6.7000000e+01   4.5200000e+00
   6.8000000e+01   4.5000000e+00
   6.9000000e+01   4.4100000e+00
   7.0000000e+01   4.3600000e+00
   7.1000000e+01   4.2100000e+00
   7.2000000e+01   4.1300000e+00
   7.3000000e+01   4.1800000e+00
   7.4000000e+01   4.1500000e+00
   7.5000000e+01   3.9900000e+00
   7.6000000e+01   4.0600000e+00
   7.7000000e+01   4.1700000e+00
   7.8000000e+01   4.1700000e+00
   7.9000000e+01   4.0800000e+00
   8.0000000e+01   3.9800000e+00
   8.1000000e+01   4.0000000e+00
   8.2000000e+01   3.9000000e+00
   8.3000000e+01   3.8200000e+00
   8.4000000e+01   3.7500000e+00
   8.5000000e+01   3.7800000e+00
   8.6000000e+01   3.9400000e+00
   8.7000000e+01   4.0700000e+00
   8.8000000e+01   4.2200000e+00
   8.9000000e+01   4.1800000e+00
   9.0000000e+01   4.1300000e+00
   9.1000000e+01   4.0300000e+00
   9.2000000e+01   3.9900000e+00
   9.3000000e+01   3.9300000e+00
   9.4000000e+01   3.9900000e+00
   9.5000000e+01   3.9200000e+00
   9.6000000e+01   3.9600000e+00
   9.7000000e+01   3.8100000e+00
   9.8000000e+01   3.8600000e+00
   9.9000000e+01   3.8900000e+00
   1.0000000e+02   3.8100000e+00
   1.0100000e+02   3.8600000e+00
   1.0200000e+02   3.7900000e+00
   1.0300000e+02   3.8100000e+00
   1.0400000e+02   3.8600000e+00
   1.0500000e+02   4.0200000e+00
   1.0600000e+02   3.9700000e+00
   1.0700000e+02   4.0100000e+00
   1.0800000e+02   3.9800000e+00
   1.0900000e+02   4.1000000e+00
   1.1000000e+02   4.1000000e+00
   1.1100000e+02   4.0900000e+00
   1.1200000e+02   4.0400000e+00
   1.1300000e+02   3.9500000e+00
   1.1400000e+02   3.9700000e+00
   1.1500000e+02   3.8400000e+00
   1.1600000e+02   3.8200000e+00
   1.1700000e+02   3.7500000e+00
   1.1800000e+02   3.5800000e+00
   1.1900000e+02   3.4800000e+00
   1.2000000e+02   3.4000000e+00
   1.2100000e+02   3.3700000e+00
   1.2200000e+02   3.2700000e+00
   1.2300000e+02   3.2400000e+00
   1.2400000e+02   3.2700000e+00
   1.2500000e+02   3.3300000e+00
   1.2600000e+02   3.2100000e+00
   1.2700000e+02   3.2300000e+00
   1.2800000e+02   3.2500000e+00
   1.2900000e+02   3.4200000e+00
   1.3000000e+02   3.7200000e+00
   1.3100000e+02   3.8700000e+00
   1.3200000e+02   3.9500000e+00
   1.3300000e+02   4.2000000e+00
   1.3400000e+02   4.5200000e+00
   1.3500000e+02   4.7000000e+00
   1.3600000e+02   4.7900000e+00
   1.3700000e+02   4.8100000e+00
   1.3800000e+02   4.8000000e+00
   1.3900000e+02   4.7600000e+00
   1.4000000e+02   4.7800000e+00
   1.4100000e+02   4.6900000e+00
   1.4200000e+02   4.6900000e+00
   1.4300000e+02   4.6400000e+00
   1.4400000e+02   4.5300000e+00
   1.4500000e+02   4.6200000e+00
   1.4600000e+02   4.7100000e+00
   1.4700000e+02   4.5200000e+00
   1.4800000e+02   4.5600000e+00
   1.4900000e+02   4.5000000e+00
   1.5000000e+02   4.5700000e+00
