   3.1562589e+00
   3.1887821e+00
   3.2213054e+00
   3.2538287e+00
   3.2863520e+00
   3.3183888e+00
   3.3509366e+00
   3.3835472e+00
   3.4144983e+00
   3.4267260e+00
   3.5034380e+00
   3.6497573e+00
   3.8695755e+00
   4.0648082e+00
   4.2656452e+00
   4.5058280e+00
   4.7246825e+00
   4.8612568e+00
   4.9272606e+00
   4.8077641e+00
   4.7877612e+00
   4.7704419e+00
   4.7595452e+00
   4.7486485e+00
   4.7377518e+00
   4.7268552e+00
   4.7159585e+00
   4.7050618e+00
   4.6941651e+00
   4.6832684e+00
   4.6723717e+00
   4.6614751e+00
   4.6505784e+00
   4.6396817e+00
   4.6287850e+00
   4.6178883e+00
   4.6069916e+00
   4.5960950e+00
   4.5851983e+00
   4.5743016e+00
   4.5634049e+00
   4.5525082e+00
   4.5416115e+00
   4.5307148e+00
   4.5198182e+00
   4.5089215e+00
   4.4980248e+00
   4.4871281e+00
   4.4762314e+00
   4.4653347e+00
   4.4544381e+00
   4.4435414e+00
   4.4326447e+00
   4.4217480e+00
   4.4108513e+00
   4.3999546e+00
   4.3890580e+00
   4.3781613e+00
   4.3672646e+00
   4.3563679e+00
   4.3454712e+00
   4.3345745e+00
   4.3236778e+00
   4.3127812e+00
   4.3018845e+00
   4.2909878e+00
   4.2800911e+00
   4.2691944e+00
   4.2582977e+00
   4.2474011e+00
   4.2365044e+00
   4.2250235e+00
   4.2141387e+00
   4.2032540e+00
   4.1917556e+00
   4.1808867e+00
   4.1700178e+00
   4.1591489e+00
   4.1482801e+00
   4.1374112e+00
   4.1265423e+00
   4.1156734e+00
   4.1048045e+00
   4.0939357e+00
   4.0830668e+00
   4.0721979e+00
   4.0613290e+00
   4.0504601e+00
   4.0395913e+00
   4.0287224e+00
   4.0178535e+00
   4.0069846e+00
   3.9961157e+00
   3.9848461e+00
   3.9740403e+00
   3.9632346e+00
   3.9524289e+00
   3.9416231e+00
   3.9308174e+00
   3.9200117e+00
   3.9092059e+00
   3.8984002e+00
   3.8875944e+00
   3.8767887e+00
   3.8659830e+00
   3.8551772e+00
   3.8443715e+00
   3.8335658e+00
   3.8227600e+00
   3.8119543e+00
   3.8011486e+00
   3.7903428e+00
   3.7782304e+00
   3.7674099e+00
   3.7556219e+00
   3.7435115e+00
   3.7128977e+00
   3.6243611e+00
   3.4364483e+00
   3.1723952e+00
   3.2068645e+00
   3.2592439e+00
   3.3138404e+00
   3.3684369e+00
   3.4230334e+00
   3.4776298e+00
   3.5322263e+00
   3.5868228e+00
   3.6467030e+00
   3.7015113e+00
   3.7563197e+00
   3.8111280e+00
   3.8671848e+00
   3.9583168e+00
   4.8196885e+00
   4.8410936e+00
   4.8322868e+00
   4.8242290e+00
   4.8152599e+00
   4.8062908e+00
   4.7973218e+00
   4.7883527e+00
   4.7793836e+00
   4.7704145e+00
   4.7614454e+00
   4.7524764e+00
   4.7435073e+00
   4.7345382e+00
   4.7255691e+00
   4.7166000e+00
   4.7076310e+00
   4.6986619e+00
   4.6896928e+00
   4.6807237e+00
   4.6717546e+00
   4.6627856e+00
   4.6538165e+00
   4.6448474e+00
   4.6358783e+00
   4.6269092e+00
   4.6179402e+00
   4.6089711e+00
   4.6000020e+00
   4.5910329e+00
   4.5820639e+00
   4.5730948e+00
   4.5641257e+00
   4.5551566e+00
   4.5461875e+00
   4.5372185e+00
   4.5282494e+00
   4.5192803e+00
   4.5103112e+00
   4.5013421e+00
   4.4923731e+00
   4.4834040e+00
   4.4744349e+00
   4.4654658e+00
   4.4564967e+00
   4.4475277e+00
   4.4385586e+00
   4.4295895e+00
   4.4206204e+00
   4.4116513e+00
   4.4026823e+00
   4.3937132e+00
   4.3847441e+00
   4.3757750e+00
   4.3668059e+00
   4.3578369e+00
   4.3478294e+00
   4.2522284e+00
   3.7346210e+00
   3.7313482e+00
   3.7280755e+00
   3.7243730e+00
   3.7210747e+00
   3.7177764e+00
   3.7144781e+00
   3.7105413e+00
   3.7072178e+00
   3.7038944e+00
   3.7005709e+00
   3.6972475e+00
   3.6939240e+00
   3.6906006e+00
   3.6872771e+00
   3.6839537e+00
   3.6806302e+00
   3.6773068e+00
   3.6739833e+00
   3.6706598e+00
   3.6673364e+00
   3.6640129e+00
   3.6606895e+00
   3.6573660e+00
   3.6553172e+00
   3.6535927e+00
   3.7077246e+00
   4.0043698e+00
   4.1022415e+00
   4.1334266e+00
   4.1359602e+00
   4.1384937e+00
   4.1410272e+00
   4.1435608e+00
   4.1460943e+00
   4.1486278e+00
   4.1511613e+00
   4.1526623e+00
   4.1551568e+00
   4.1564603e+00
   4.1471083e+00
   3.9603994e+00
   3.7960211e+00
   3.7432070e+00
   3.7422776e+00
   3.7448933e+00
   3.7507209e+00
   3.7565485e+00
   3.7623761e+00
   3.7682037e+00
   3.7740313e+00
   3.7798589e+00
   3.8351220e+00
   4.0231760e+00
   4.4388988e+00
   4.4773338e+00
   4.5159074e+00
   4.5285611e+00
   4.5312860e+00
   4.5241770e+00
   4.5159632e+00
   4.5078973e+00
   4.4995935e+00
   4.4906632e+00
   4.4817433e+00
   4.4727454e+00
   4.4637476e+00
   4.4543506e+00
   4.4450080e+00
   4.4354844e+00
   4.4250022e+00
   4.4149421e+00
   4.4044082e+00
   4.3935355e+00
   4.3829989e+00
   4.3721517e+00
   4.3609825e+00
   4.3504606e+00
   4.3396332e+00
   4.3287074e+00
   4.3172875e+00
   4.3047169e+00
   4.2920277e+00
   4.2797097e+00
   4.2668425e+00
   4.2545517e+00
   4.2405793e+00
   4.2273253e+00
   4.2144041e+00
   4.2029057e+00
   4.1914074e+00
   4.1799090e+00
   4.1684106e+00
   4.1569123e+00
   4.1454139e+00
   4.1339155e+00
   4.1224172e+00
   4.1109188e+00
   4.0994204e+00
   4.0879221e+00
   4.0764237e+00
   4.0649253e+00
   4.0534269e+00
   4.0419286e+00
   4.0304302e+00
   4.0189318e+00
   4.0074335e+00
   3.9959351e+00
   3.9844367e+00
   3.9729384e+00
   3.9614400e+00
   3.9499416e+00
   3.9384432e+00
   3.9269449e+00
   3.9154465e+00
   3.9039481e+00
   3.8924498e+00
   3.8797812e+00
   3.8682742e+00
   3.8553977e+00
   3.8439579e+00
   3.8325180e+00
   3.8210782e+00
   3.8096383e+00
   3.7981985e+00
   3.7867586e+00
   3.7744036e+00
   3.7563761e+00
   3.7396599e+00
   3.6849166e+00
   3.6400467e+00
   3.5364649e+00
   3.3074058e+00
   3.3110583e+00
   3.3197606e+00
   3.3284628e+00
   3.3371651e+00
   3.3458673e+00
   3.3545696e+00
   3.3632718e+00
   3.3719741e+00
   3.3859027e+00
   3.4602646e+00
   3.8812961e+00
   4.0884596e+00
   4.1134376e+00
   4.1279239e+00
   4.3911317e+00
   4.6715999e+00
   4.7130612e+00
   4.7023101e+00
   4.6876718e+00
   4.6730336e+00
   4.6583953e+00
   4.6437601e+00
   4.6290536e+00
   4.6143472e+00
   4.5996407e+00
   4.5849342e+00
   4.5702277e+00
   4.5555212e+00
   4.5408147e+00
   4.5261083e+00
   4.5114018e+00
   4.4966953e+00
   4.4819888e+00
   4.4672823e+00
   4.4525758e+00
   4.4378693e+00
   4.4231629e+00
   4.4084564e+00
   4.3937499e+00
   4.3790434e+00
   4.3643369e+00
   4.3496304e+00
   4.3349240e+00
   4.3202175e+00
   4.3055110e+00
   4.2908045e+00
   4.2760980e+00
   4.2613915e+00
   4.2466851e+00
   4.2319786e+00
   4.2172721e+00
   4.2025656e+00
   4.1878591e+00
   4.1731526e+00
   4.1584461e+00
   4.1437397e+00
   4.1290332e+00
   4.1143267e+00
   4.0996202e+00
   4.0849137e+00
   4.0702072e+00
   4.0555008e+00
   4.0407943e+00
   4.0260878e+00
   4.0113813e+00
   3.9966748e+00
   3.9819683e+00
   3.9672618e+00
   3.9525554e+00
   3.9378489e+00
   3.9160221e+00
   3.8761943e+00
   3.5357009e+00
   3.5040236e+00
   3.4623636e+00
   3.2447255e+00
   3.2367133e+00
   3.2454247e+00
   3.2545568e+00
   3.2636888e+00
   3.2728209e+00
   3.2819530e+00
   3.2910851e+00
   3.3002172e+00
   3.3093493e+00
   3.3184813e+00
   3.3276134e+00
   3.3367455e+00
   3.3458776e+00
   3.3624660e+00
   3.3826199e+00
   3.4723094e+00
   3.6199166e+00
   3.8702902e+00
   3.9211454e+00
   3.9383953e+00
   3.9534000e+00
   3.9708288e+00
   3.9877122e+00
   4.0026628e+00
   4.0376247e+00
   4.0845810e+00
   4.1032316e+00
   4.9062281e+00
   4.9571697e+00
   4.9499065e+00
   4.9363958e+00
   4.9228851e+00
   4.9093745e+00
   4.8958638e+00
   4.8823531e+00
   4.8688424e+00
   4.8553317e+00
   4.8418210e+00
   4.8283103e+00
   4.8147997e+00
   4.8012890e+00
   4.7877783e+00
   4.7742676e+00
   4.7607569e+00
   4.7472462e+00
   4.7337355e+00
   4.7202249e+00
   4.7067142e+00
   4.6932035e+00
   4.6796928e+00
   4.6661821e+00
   4.6526714e+00
   4.6391607e+00
   4.6256501e+00
   4.6121394e+00
   4.5986287e+00
   4.5851180e+00
   4.5716073e+00
   4.5580966e+00
   4.5445860e+00
   4.5310753e+00
   4.5175646e+00
   4.5040539e+00
   4.4905432e+00
   4.4770325e+00
   4.4635218e+00
   4.4500112e+00
   4.4365005e+00
   4.4229898e+00
   4.4094791e+00
   4.3959684e+00
   4.3824577e+00
   4.3689470e+00
   4.3554364e+00
   4.3419257e+00
   4.3284150e+00
   4.3149043e+00
   4.3013936e+00
   4.2878829e+00
   4.2743722e+00
   4.2597362e+00
   4.2276457e+00
   4.1438954e+00
   3.7290195e+00
   3.6918539e+00
   3.6883044e+00
   3.6931847e+00
   3.6999549e+00
   3.7067252e+00
   3.7134954e+00
   3.7202656e+00
   3.7270358e+00
   3.7338060e+00
   3.7405762e+00
   3.7473465e+00
   3.7541167e+00
   3.7608869e+00
   3.7676571e+00
   3.7744273e+00
   3.7811976e+00

