  0.0000000e+000  3.2280349e+000
  1.0000000e+000  3.2278482e+000
  2.0000000e+000  3.1790140e+000
  3.0000000e+000  3.2864692e+000
  4.0000000e+000  3.2954928e+000
  5.0000000e+000  3.2644639e+000
  6.0000000e+000  3.3331652e+000
  7.0000000e+000  3.3670896e+000
  8.0000000e+000  3.4195417e+000
  9.0000000e+000  3.3846046e+000
  1.0000000e+001  3.5233603e+000
  1.1000000e+001  3.6033799e+000
  1.2000000e+001  3.9237401e+000
  1.3000000e+001  4.0553808e+000
  1.4000000e+001  4.2806785e+000
  1.5000000e+001  4.4946740e+000
  1.6000000e+001  4.7507883e+000
  1.7000000e+001  4.8812884e+000
  1.8000000e+001  5.0240084e+000
  1.9000000e+001  4.9562915e+000
  2.0000000e+001  4.9919030e+000
  2.1000000e+001  4.9145618e+000
  2.2000000e+001  4.8827660e+000
  2.3000000e+001  4.8588092e+000
  2.4000000e+001  4.8110937e+000
  2.5000000e+001  4.8186982e+000
  2.6000000e+001  4.6734376e+000
  2.7000000e+001  4.7488788e+000
  2.8000000e+001  4.7532745e+000
  2.9000000e+001  4.7313400e+000
  3.0000000e+001  4.6171217e+000
  3.1000000e+001  4.6237914e+000
  3.2000000e+001  4.5986361e+000
  3.3000000e+001  4.5789763e+000
  3.4000000e+001  4.5860736e+000
  3.5000000e+001  4.5388101e+000
  3.6000000e+001  4.4542930e+000
  3.7000000e+001  4.4561814e+000
  3.8000000e+001  4.4137804e+000
  3.9000000e+001  4.5545726e+000
  4.0000000e+001  4.5482584e+000
  4.1000000e+001  4.5144482e+000
  4.2000000e+001  4.5035085e+000
  4.3000000e+001  4.4629405e+000
  4.4000000e+001  4.4782246e+000
  4.5000000e+001  4.3286110e+000
  4.6000000e+001  4.3630788e+000
  4.7000000e+001  4.3812215e+000
  4.8000000e+001  4.4451049e+000
  4.9000000e+001  4.4619336e+000
  5.0000000e+001  4.3432545e+000
  5.1000000e+001  4.3335836e+000
  5.2000000e+001  4.3093702e+000
  5.3000000e+001  4.4364835e+000
  5.4000000e+001  4.3755909e+000
  5.5000000e+001  4.3068797e+000
  5.6000000e+001  4.3542805e+000
  5.7000000e+001  4.4273701e+000
  5.8000000e+001  4.4892881e+000
  5.9000000e+001  4.4273070e+000
  6.0000000e+001  4.5986705e+000
  6.1000000e+001  4.5127006e+000
  6.2000000e+001  4.6043935e+000
  6.3000000e+001  4.5312568e+000
  6.4000000e+001  4.3567556e+000
  6.5000000e+001  4.4806144e+000
  6.6000000e+001  4.5665783e+000
  6.7000000e+001  4.4389801e+000
  6.8000000e+001  4.4189193e+000
  6.9000000e+001  4.4679282e+000
  7.0000000e+001  4.3193444e+000
  7.1000000e+001  4.2246439e+000
  7.2000000e+001  4.2145965e+000
  7.3000000e+001  4.2291499e+000
  7.4000000e+001  4.0277266e+000
  7.5000000e+001  3.9526802e+000
  7.6000000e+001  4.0635863e+000
  7.7000000e+001  4.0774792e+000
  7.8000000e+001  4.0547391e+000
  7.9000000e+001  4.0509412e+000
  8.0000000e+001  3.9005117e+000
  8.1000000e+001  3.8236422e+000
  8.2000000e+001  3.8016986e+000
  8.3000000e+001  3.8279002e+000
  8.4000000e+001  3.8230867e+000
  8.5000000e+001  3.9534270e+000
  8.6000000e+001  4.0592054e+000
  8.7000000e+001  4.1801418e+000
  8.8000000e+001  4.1070631e+000
  8.9000000e+001  4.0770617e+000
  9.0000000e+001  4.0605550e+000
  9.1000000e+001  4.0332410e+000
  9.2000000e+001  3.9820767e+000
  9.3000000e+001  3.9044984e+000
  9.4000000e+001  3.8430009e+000
  9.5000000e+001  3.7660464e+000
  9.6000000e+001  3.7522145e+000
  9.7000000e+001  3.8321520e+000
  9.8000000e+001  3.9002584e+000
  9.9000000e+001  3.7808133e+000
  1.0000000e+002  3.8072386e+000
  1.0100000e+002  3.9153926e+000
  1.0200000e+002  3.8555533e+000
  1.0300000e+002  3.8757594e+000
  1.0400000e+002  3.9210528e+000
  1.0500000e+002  3.8492512e+000
  1.0600000e+002  4.0031243e+000
  1.0700000e+002  4.0442716e+000
  1.0800000e+002  4.1116413e+000
  1.0900000e+002  4.1220513e+000
  1.1000000e+002  4.0375392e+000
  1.1100000e+002  4.0248694e+000
  1.1200000e+002  4.0268283e+000
  1.1300000e+002  3.9345566e+000
  1.1400000e+002  3.8129789e+000
  1.1500000e+002  3.7088550e+000
  1.1600000e+002  3.5775333e+000
  1.1700000e+002  3.5388189e+000
  1.1800000e+002  3.4426373e+000
  1.1900000e+002  3.2975719e+000
  1.2000000e+002  3.2734607e+000
  1.2100000e+002  3.2561481e+000
  1.2200000e+002  3.1820249e+000
  1.2300000e+002  3.1008445e+000
  1.2400000e+002  3.2719638e+000
  1.2500000e+002  3.1414164e+000
  1.2600000e+002  3.1568740e+000
  1.2700000e+002  3.3714567e+000
  1.2800000e+002  3.7139611e+000
  1.2900000e+002  3.9034337e+000
  1.3000000e+002  3.6732329e+000
  1.3100000e+002  3.8080059e+000
  1.3200000e+002  4.2040155e+000
  1.3300000e+002  4.4084715e+000
  1.3400000e+002  4.7019630e+000
  1.3500000e+002  4.8589970e+000
  1.3600000e+002  4.8178758e+000
  1.3700000e+002  4.7963974e+000
  1.3800000e+002  4.8915467e+000
  1.3900000e+002  4.8672229e+000
  1.4000000e+002  4.9780155e+000
  1.4100000e+002  4.8129461e+000
  1.4200000e+002  4.7489552e+000
  1.4300000e+002  4.7840003e+000
  1.4400000e+002  4.8237384e+000
  1.4500000e+002  4.7445904e+000
  1.4600000e+002  4.7712026e+000
  1.4700000e+002  4.8155507e+000
  1.4800000e+002  4.7063677e+000
  1.4900000e+002  4.7502140e+000
  1.5000000e+002  4.7468823e+000
  1.5100000e+002  4.6634651e+000
  1.5200000e+002  4.6367354e+000
  1.5300000e+002  4.6233804e+000
  1.5400000e+002  4.6551362e+000
  1.5500000e+002  4.5147977e+000
  1.5600000e+002  4.7792709e+000
  1.5700000e+002  4.7413158e+000
  1.5800000e+002  4.6947428e+000
  1.5900000e+002  4.6607524e+000
  1.6000000e+002  4.6856006e+000
  1.6100000e+002  4.6520214e+000
  1.6200000e+002  4.6580360e+000
  1.6300000e+002  4.6980959e+000
  1.6400000e+002  4.6819466e+000
  1.6500000e+002  4.6785557e+000
  1.6600000e+002  4.4781460e+000
  1.6700000e+002  4.4063030e+000
  1.6800000e+002  4.4823481e+000
  1.6900000e+002  4.4952320e+000
  1.7000000e+002  4.5028871e+000
  1.7100000e+002  4.5331475e+000
  1.7200000e+002  4.4566931e+000
  1.7300000e+002  4.3774064e+000
  1.7400000e+002  4.2793295e+000
  1.7500000e+002  4.3239964e+000
  1.7600000e+002  4.3928540e+000
  1.7700000e+002  4.4638821e+000
  1.7800000e+002  4.4374617e+000
  1.7900000e+002  4.4815259e+000
  1.8000000e+002  4.3909610e+000
  1.8100000e+002  4.4564466e+000
  1.8200000e+002  4.4832408e+000
  1.8300000e+002  4.3671818e+000
  1.8400000e+002  4.3993219e+000
  1.8500000e+002  4.5853159e+000
  1.8600000e+002  4.4737924e+000
  1.8700000e+002  4.4023973e+000
  1.8800000e+002  4.4635497e+000
  1.8900000e+002  4.3891358e+000
  1.9000000e+002  4.2817026e+000
  1.9100000e+002  4.1305545e+000
  1.9200000e+002  3.7647511e+000
  1.9300000e+002  3.9207547e+000
  1.9400000e+002  3.8424846e+000
  1.9500000e+002  3.9053268e+000
  1.9600000e+002  3.8227051e+000
  1.9700000e+002  3.7407658e+000
  1.9800000e+002  3.8225134e+000
  1.9900000e+002  3.5722562e+000
  2.0000000e+002  3.5298049e+000
  2.0100000e+002  3.5293120e+000
  2.0200000e+002  3.6260607e+000
  2.0300000e+002  3.6082669e+000
  2.0400000e+002  3.7829650e+000
  2.0500000e+002  3.8246731e+000
  2.0600000e+002  3.7676857e+000
  2.0700000e+002  3.7849382e+000
  2.0800000e+002  3.7142065e+000
  2.0900000e+002  3.6391848e+000
  2.1000000e+002  3.5748271e+000
  2.1100000e+002  3.6002025e+000
  2.1200000e+002  3.6116651e+000
  2.1300000e+002  3.6532641e+000
  2.1400000e+002  3.5588786e+000
  2.1500000e+002  3.5425441e+000
  2.1600000e+002  3.5303519e+000
  2.1700000e+002  3.4837549e+000
  2.1800000e+002  3.7163485e+000
  2.1900000e+002  3.9381149e+000
  2.2000000e+002  3.9830419e+000
  2.2100000e+002  4.2335328e+000
  2.2200000e+002  4.3765740e+000
  2.2300000e+002  4.4413911e+000
  2.2400000e+002  4.3869031e+000
  2.2500000e+002  4.2845916e+000
  2.2600000e+002  4.2912486e+000
  2.2700000e+002  4.1909009e+000
  2.2800000e+002  4.1870335e+000
  2.2900000e+002  4.0225686e+000
  2.3000000e+002  4.2995442e+000
  2.3100000e+002  4.2173974e+000
  2.3200000e+002  4.1722487e+000
  2.3300000e+002  3.9714588e+000
  2.3400000e+002  3.8406237e+000
  2.3500000e+002  3.7145838e+000
  2.3600000e+002  3.6566485e+000
  2.3700000e+002  3.4678565e+000
  2.3800000e+002  3.5116674e+000
  2.3900000e+002  3.4401575e+000
  2.4000000e+002  3.4426674e+000
  2.4100000e+002  3.5412839e+000
  2.4200000e+002  3.6777711e+000
  2.4300000e+002  3.7775543e+000
  2.4400000e+002  4.0539726e+000
  2.4500000e+002  4.1661411e+000
  2.4600000e+002  4.3785384e+000
  2.4700000e+002  4.3062477e+000
  2.4800000e+002  4.3812649e+000
  2.4900000e+002  4.3593882e+000
  2.5000000e+002  4.4985085e+000
  2.5100000e+002  4.5769440e+000
  2.5200000e+002  4.6255056e+000
  2.5300000e+002  4.5202016e+000
  2.5400000e+002  4.5729995e+000
  2.5500000e+002  4.3660420e+000
  2.5600000e+002  4.4281243e+000
  2.5700000e+002  4.5544787e+000
  2.5800000e+002  4.5089236e+000
  2.5900000e+002  4.5182593e+000
  2.6000000e+002  4.4643592e+000
  2.6100000e+002  4.5157594e+000
  2.6200000e+002  4.4524495e+000
  2.6300000e+002  4.4580724e+000
  2.6400000e+002  4.4187348e+000
  2.6500000e+002  4.4405637e+000
  2.6600000e+002  4.5022150e+000
  2.6700000e+002  4.5030245e+000
  2.6800000e+002  4.3289307e+000
  2.6900000e+002  4.5217366e+000
  2.7000000e+002  4.5119210e+000
  2.7100000e+002  4.5016147e+000
  2.7200000e+002  4.4380636e+000
  2.7300000e+002  4.4356998e+000
  2.7400000e+002  4.3819849e+000
  2.7500000e+002  4.3790694e+000
  2.7600000e+002  4.3025021e+000
  2.7700000e+002  4.4418308e+000
  2.7800000e+002  4.3071893e+000
  2.7900000e+002  4.2333528e+000
  2.8000000e+002  4.1429241e+000
  2.8100000e+002  4.2109778e+000
  2.8200000e+002  3.9819242e+000
  2.8300000e+002  3.8745875e+000
  2.8400000e+002  3.8592371e+000
  2.8500000e+002  3.8414927e+000
  2.8600000e+002  3.8227866e+000
  2.8700000e+002  3.8885983e+000
  2.8800000e+002  4.0196692e+000
  2.8900000e+002  4.0631122e+000
  2.9000000e+002  4.0979398e+000
  2.9100000e+002  4.1124320e+000
  2.9200000e+002  4.2657706e+000
  2.9300000e+002  4.2182999e+000
  2.9400000e+002  4.3319596e+000
  2.9500000e+002  4.3106463e+000
  2.9600000e+002  4.2298307e+000
  2.9700000e+002  4.2972924e+000
  2.9800000e+002  4.1739888e+000
  2.9900000e+002  4.2283305e+000
  3.0000000e+002  4.0183557e+000
  3.0100000e+002  4.0603100e+000
  3.0200000e+002  4.0631699e+000
  3.0300000e+002  3.9975254e+000
  3.0400000e+002  4.0679825e+000
  3.0500000e+002  4.0733684e+000
  3.0600000e+002  4.0504910e+000
  3.0700000e+002  3.9979389e+000
  3.0800000e+002  3.8492764e+000
  3.0900000e+002  3.8625074e+000
  3.1000000e+002  3.7994950e+000
  3.1100000e+002  3.6957394e+000
  3.1200000e+002  3.7868099e+000
  3.1300000e+002  3.6925567e+000
  3.1400000e+002  3.7698144e+000
  3.1500000e+002  3.6174502e+000
  3.1600000e+002  3.6929760e+000
  3.1700000e+002  3.8886250e+000
  3.1800000e+002  3.7576900e+000
  3.1900000e+002  3.5765410e+000
  3.2000000e+002  3.6637668e+000
  3.2100000e+002  3.5282766e+000
  3.2200000e+002  3.5265670e+000
  3.2300000e+002  3.4704498e+000
  3.2400000e+002  3.2137625e+000
  3.2500000e+002  3.3090214e+000
  3.2600000e+002  3.2322155e+000
  3.2700000e+002  3.2199625e+000
  3.2800000e+002  3.2338462e+000
  3.2900000e+002  3.1923419e+000
  3.3000000e+002  3.2969002e+000
  3.3100000e+002  3.2874288e+000
  3.3200000e+002  3.3924945e+000
  3.3300000e+002  3.3816667e+000
  3.3400000e+002  3.5095629e+000
  3.3500000e+002  3.7473968e+000
  3.3600000e+002  4.0795789e+000
  3.3700000e+002  4.2309007e+000
  3.3800000e+002  4.1747501e+000
  3.3900000e+002  4.4191560e+000
  3.4000000e+002  4.5974378e+000
  3.4100000e+002  4.8395861e+000
  3.4200000e+002  4.8265025e+000
  3.4300000e+002  4.8022522e+000
  3.4400000e+002  4.7560004e+000
  3.4500000e+002  4.7916759e+000
  3.4600000e+002  4.6792853e+000
  3.4700000e+002  4.5252961e+000
  3.4800000e+002  4.4853395e+000
  3.4900000e+002  4.6159988e+000
  3.5000000e+002  4.6691452e+000
  3.5100000e+002  4.6429643e+000
  3.5200000e+002  4.4731868e+000
  3.5300000e+002  4.4712751e+000
  3.5400000e+002  4.3974490e+000
  3.5500000e+002  4.5857993e+000
  3.5600000e+002  4.4564849e+000
  3.5700000e+002  4.5495288e+000
  3.5800000e+002  4.5754714e+000
  3.5900000e+002  4.4895526e+000
  3.6000000e+002  4.5354768e+000
  3.6100000e+002  4.4954374e+000
  3.6200000e+002  4.4959817e+000
  3.6300000e+002  4.5276802e+000
  3.6400000e+002  4.3561717e+000
  3.6500000e+002  4.4588932e+000
  3.6600000e+002  4.3229099e+000
  3.6700000e+002  4.3707598e+000
  3.6800000e+002  4.3985724e+000
  3.6900000e+002  4.3788429e+000
  3.7000000e+002  4.3599063e+000
  3.7100000e+002  4.2713110e+000
  3.7200000e+002  4.4234245e+000
  3.7300000e+002  4.2869991e+000
  3.7400000e+002  4.3375628e+000
  3.7500000e+002  4.1958277e+000
  3.7600000e+002  4.2104319e+000
  3.7700000e+002  4.1975537e+000
  3.7800000e+002  4.1852090e+000
  3.7900000e+002  4.1734367e+000
  3.8000000e+002  4.1936003e+000
  3.8100000e+002  4.1515898e+000
  3.8200000e+002  4.0487333e+000
  3.8300000e+002  4.1173615e+000
  3.8400000e+002  4.0832729e+000
  3.8500000e+002  4.1384493e+000
  3.8600000e+002  4.0167291e+000
  3.8700000e+002  3.9894988e+000
  3.8800000e+002  3.9188954e+000
  3.8900000e+002  3.8881344e+000
  3.9000000e+002  3.9615536e+000
  3.9100000e+002  3.9966287e+000
  3.9200000e+002  3.9676554e+000
  3.9300000e+002  3.8568946e+000
  3.9400000e+002  3.9188034e+000
  3.9500000e+002  3.7594802e+000
  3.9600000e+002  3.7150908e+000
  3.9700000e+002  3.4654004e+000
  3.9800000e+002  3.5449904e+000
  3.9900000e+002  3.4796844e+000
  4.0000000e+002  3.3176618e+000
  4.0100000e+002  3.1951438e+000
  4.0200000e+002  3.1684803e+000
  4.0300000e+002  3.1540088e+000
  4.0400000e+002  3.1991286e+000
  4.0500000e+002  3.1138185e+000
  4.0600000e+002  3.1925376e+000
  4.0700000e+002  3.2112281e+000
  4.0800000e+002  3.1690325e+000
  4.0900000e+002  3.2181748e+000
  4.1000000e+002  3.1501492e+000
  4.1100000e+002  3.2861704e+000
  4.1200000e+002  3.3070388e+000
  4.1300000e+002  3.3841777e+000
  4.1400000e+002  3.4148409e+000
  4.1500000e+002  3.4139396e+000
  4.1600000e+002  3.5050315e+000
  4.1700000e+002  3.5722133e+000
  4.1800000e+002  3.7475558e+000
  4.1900000e+002  3.8064325e+000
  4.2000000e+002  3.7709736e+000
  4.2100000e+002  3.8470707e+000
  4.2200000e+002  3.9432118e+000
  4.2300000e+002  4.0214425e+000
  4.2400000e+002  3.9206051e+000
  4.2500000e+002  4.3038628e+000
  4.2600000e+002  4.5035283e+000
  4.2700000e+002  4.3038248e+000
  4.2800000e+002  4.7224127e+000
  4.2900000e+002  4.9145073e+000
  4.3000000e+002  4.9801257e+000
  4.3100000e+002  5.0512569e+000
  4.3200000e+002  5.0512027e+000
  4.3300000e+002  5.0779650e+000
  4.3400000e+002  5.0757544e+000
  4.3500000e+002  5.0193059e+000
  4.3600000e+002  5.0742588e+000
  4.3700000e+002  4.8975655e+000
  4.3800000e+002  4.7928206e+000
  4.3900000e+002  4.8747262e+000
  4.4000000e+002  4.7647625e+000
  4.4100000e+002  4.9488588e+000
  4.4200000e+002  4.9628107e+000
  4.4300000e+002  4.9058582e+000
  4.4400000e+002  4.8241317e+000
  4.4500000e+002  4.9134086e+000
  4.4600000e+002  4.8225429e+000
  4.4700000e+002  4.5057419e+000
  4.4800000e+002  4.7652832e+000
  4.4900000e+002  4.7253578e+000
  4.5000000e+002  4.7492564e+000
  4.5100000e+002  4.5817655e+000
  4.5200000e+002  4.7337262e+000
  4.5300000e+002  4.5593677e+000
  4.5400000e+002  4.5968896e+000
  4.5500000e+002  4.4125640e+000
  4.5600000e+002  4.6225974e+000
  4.5700000e+002  4.6281654e+000
  4.5800000e+002  4.5470189e+000
  4.5900000e+002  4.6259930e+000
  4.6000000e+002  4.5610999e+000
  4.6100000e+002  4.5862330e+000
  4.6200000e+002  4.6116287e+000
  4.6300000e+002  4.6135272e+000
  4.6400000e+002  4.4360691e+000
  4.6500000e+002  4.5723549e+000
  4.6600000e+002  4.4629467e+000
  4.6700000e+002  4.4409022e+000
  4.6800000e+002  4.3763065e+000
  4.6900000e+002  4.5113079e+000
  4.7000000e+002  4.3319051e+000
  4.7100000e+002  4.2490825e+000
  4.7200000e+002  4.3186083e+000
  4.7300000e+002  4.3640521e+000
  4.7400000e+002  4.3879961e+000
  4.7500000e+002  4.3455648e+000
  4.7600000e+002  4.2956971e+000
  4.7700000e+002  4.2691318e+000
  4.7800000e+002  4.2216596e+000
  4.7900000e+002  4.1181734e+000
  4.8000000e+002  4.1200600e+000
  4.8100000e+002  4.1724612e+000
  4.8200000e+002  4.0069563e+000
  4.8300000e+002  3.9736098e+000
  4.8400000e+002  3.7884086e+000
  4.8500000e+002  3.8123786e+000
  4.8600000e+002  3.7573830e+000
  4.8700000e+002  3.7168378e+000
  4.8800000e+002  3.6728117e+000
  4.8900000e+002  3.6020153e+000
  4.9000000e+002  3.5376334e+000
  4.9100000e+002  3.4676929e+000
  4.9200000e+002  3.6340905e+000
  4.9300000e+002  3.7247969e+000
  4.9400000e+002  3.8312644e+000
  4.9500000e+002  3.8302563e+000
  4.9600000e+002  3.8340285e+000
  4.9700000e+002  3.6795062e+000
  4.9800000e+002  3.8154799e+000
  4.9900000e+002  3.7460230e+000
  5.0000000e+002  3.8366765e+000
  5.0100000e+002  3.7847895e+000
  5.0200000e+002  3.7533030e+000
  5.0300000e+002  3.8090835e+000
  5.0400000e+002  3.9062186e+000
  5.0500000e+002  3.8635972e+000
  5.0600000e+002  4.0050877e+000
  5.0700000e+002  3.9303598e+000
  5.0800000e+002  4.1571766e+000
  5.0900000e+002  4.0623546e+000
  5.1000000e+002  4.1398470e+000
  5.1100000e+002  4.0614997e+000
  5.1200000e+002  4.2215692e+000
  5.1300000e+002  4.2482889e+000
  5.1400000e+002  4.1043958e+000
  5.1500000e+002  4.1031378e+000
  5.1600000e+002  4.0131512e+000
  5.1700000e+002  3.9616108e+000
  5.1800000e+002  4.0712960e+000
  5.1900000e+002  3.9551526e+000
  5.2000000e+002  3.9510707e+000
  5.2100000e+002  3.9074690e+000
  5.2200000e+002  3.8756801e+000
  5.2300000e+002  3.9273441e+000
  5.2400000e+002  3.8348585e+000
  5.2500000e+002  3.9249281e+000
  5.2600000e+002  3.9683068e+000
  5.2700000e+002  3.9636084e+000
  5.2800000e+002  3.9170708e+000
  5.2900000e+002  3.9902147e+000
  5.3000000e+002  3.9733718e+000
  5.3100000e+002  3.9196736e+000
  5.3200000e+002  4.0115447e+000
  5.3300000e+002  4.1115752e+000
  5.3400000e+002  4.2701425e+000
  5.3500000e+002  4.2858981e+000
  5.3600000e+002  4.5487077e+000
  5.3700000e+002  4.4316800e+000
  5.3800000e+002  4.5441035e+000
  5.3900000e+002  4.4787062e+000
  5.4000000e+002  4.5263697e+000
  5.4100000e+002  4.5034031e+000
  5.4200000e+002  4.4461796e+000
  5.4300000e+002  4.4462493e+000
  5.4400000e+002  4.4577338e+000
  5.4500000e+002  4.4339384e+000
  5.4600000e+002  4.5059210e+000
  5.4700000e+002  4.5254182e+000
  5.4800000e+002  4.5508519e+000
  5.4900000e+002  4.5278276e+000
  5.5000000e+002  4.5045847e+000
  5.5100000e+002  4.4516012e+000
  5.5200000e+002  4.5184742e+000
  5.5300000e+002  4.4622515e+000
  5.5400000e+002  4.2948477e+000
  5.5500000e+002  4.2461720e+000
  5.5600000e+002  4.3869621e+000
  5.5700000e+002  4.3460828e+000
  5.5800000e+002  4.2489447e+000
  5.5900000e+002  4.1733732e+000
  5.6000000e+002  4.1394594e+000
  5.6100000e+002  4.2085841e+000
  5.6200000e+002  4.1359460e+000
  5.6300000e+002  4.1717313e+000
  5.6400000e+002  4.0122166e+000
  5.6500000e+002  3.9621062e+000
  5.6600000e+002  3.8569315e+000
  5.6700000e+002  3.9422334e+000
  5.6800000e+002  3.9986059e+000
  5.6900000e+002  3.9729195e+000
  5.7000000e+002  3.9110893e+000
  5.7100000e+002  3.8929684e+000
  5.7200000e+002  3.5924510e+000
  5.7300000e+002  3.6502902e+000
  5.7400000e+002  3.7296137e+000
  5.7500000e+002  3.3890177e+000
  5.7600000e+002  3.4560337e+000
  5.7700000e+002  3.4847933e+000
  5.7800000e+002  3.5016905e+000
  5.7900000e+002  3.5688641e+000
  5.8000000e+002  3.6928356e+000
  5.8100000e+002  4.0032679e+000
  5.8200000e+002  4.1319324e+000
  5.8300000e+002  4.2863101e+000
  5.8400000e+002  4.3079261e+000
  5.8500000e+002  4.3287621e+000
  5.8600000e+002  4.1816426e+000
  5.8700000e+002  4.1104230e+000
  5.8800000e+002  4.1902847e+000
  5.8900000e+002  4.0668813e+000
  5.9000000e+002  4.0911327e+000
  5.9100000e+002  4.0743080e+000
  5.9200000e+002  4.0213118e+000
  5.9300000e+002  3.9901868e+000
  5.9400000e+002  3.9018765e+000
  5.9500000e+002  3.8825959e+000
  5.9600000e+002  3.8856475e+000
  5.9700000e+002  3.7965360e+000
  5.9800000e+002  3.9908784e+000
  5.9900000e+002  4.0218217e+000
  6.0000000e+002  4.0678793e+000
  6.0200000e+002  3.9658746e+000
  6.0400000e+002  3.7687309e+000
  6.0600000e+002  3.7990919e+000
  6.0800000e+002  3.7981413e+000
  6.1000000e+002  3.4940475e+000
  6.1200000e+002  3.5248041e+000
  6.1400000e+002  3.5309494e+000
  6.1600000e+002  3.6560953e+000
  6.1800000e+002  3.8119170e+000
  6.2000000e+002  4.0866255e+000
  6.2200000e+002  4.3070200e+000
  6.2400000e+002  4.6319269e+000
  6.2600000e+002  4.9019818e+000
  6.2800000e+002  5.0068785e+000
  6.3000000e+002  5.0812421e+000
  6.3200000e+002  5.0476240e+000
  6.3400000e+002  4.9311962e+000
  6.3600000e+002  4.9979890e+000
  6.3800000e+002  4.8038207e+000
  6.4000000e+002  5.0053994e+000
  6.4200000e+002  4.7470651e+000
  6.4400000e+002  4.6818572e+000
  6.4600000e+002  4.7219698e+000
  6.4800000e+002  4.7479014e+000
  6.5000000e+002  4.7131491e+000
  6.5200000e+002  4.7901202e+000
  6.5400000e+002  4.7697353e+000
  6.5600000e+002  4.5661685e+000
  6.5800000e+002  4.5848908e+000
  6.6000000e+002  4.6351916e+000
  6.6200000e+002  4.7988707e+000
  6.6400000e+002  4.5808525e+000
  6.6600000e+002  4.4994272e+000
  6.6800000e+002  4.6492220e+000
  6.7000000e+002  4.4168712e+000
  6.7200000e+002  4.5195183e+000
  6.7400000e+002  4.4611307e+000
  6.7600000e+002  4.3978058e+000
  6.7800000e+002  4.2605764e+000
  6.8000000e+002  4.1439553e+000
  6.8200000e+002  4.1492245e+000
  6.8400000e+002  4.0346984e+000
  6.8600000e+002  4.1267939e+000
  6.8800000e+002  3.9482953e+000
  6.9000000e+002  3.7023341e+000
  6.9200000e+002  3.7125851e+000
  6.9400000e+002  3.6396699e+000
  6.9600000e+002  3.4989613e+000
  6.9800000e+002  3.5700355e+000
  7.0000000e+002  3.6531791e+000
  7.0200000e+002  3.7616998e+000
  7.0400000e+002  3.8355054e+000
  7.0600000e+002  3.9303903e+000
  7.0800000e+002  4.0267744e+000
  7.1000000e+002  3.9754885e+000
  7.1200000e+002  4.0606787e+000
  7.1400000e+002  4.2860065e+000
  7.1600000e+002  4.6129890e+000
  7.1800000e+002  4.7463915e+000
  7.2000000e+002  4.6633735e+000
  7.2200000e+002  4.6548165e+000
  7.2400000e+002  4.4434353e+000
  7.2600000e+002  4.3159340e+000
  7.2800000e+002  4.1626803e+000
  7.3000000e+002  4.1569011e+000
  7.3200000e+002  4.0158381e+000
  7.3400000e+002  4.1541080e+000
  7.3600000e+002  4.1929159e+000
  7.3800000e+002  4.2131835e+000
  7.4000000e+002  4.1114201e+000
  7.4200000e+002  4.1743422e+000
  7.4400000e+002  4.4762758e+000
  7.4600000e+002  4.6673233e+000
  7.4800000e+002  4.5865377e+000
  7.5000000e+002  4.5966545e+000
  7.5200000e+002  4.4788240e+000
  7.5400000e+002  4.5508977e+000
  7.5600000e+002  4.5858467e+000
  7.5800000e+002  4.2599539e+000
  7.6000000e+002  4.3268711e+000
  7.6200000e+002  4.1090302e+000
  7.6400000e+002  4.2794695e+000
  7.6600000e+002  4.1090392e+000
  7.6800000e+002  4.0683985e+000
  7.7000000e+002  3.9863912e+000
  7.7200000e+002  3.8654352e+000
  7.7400000e+002  3.7571982e+000
  7.7600000e+002  3.6426680e+000
  7.7800000e+002  3.5619607e+000
  7.8000000e+002  3.4771631e+000
  7.8200000e+002  3.5387052e+000
  7.8400000e+002  3.5455903e+000
  7.8600000e+002  3.6822732e+000
  7.8800000e+002  3.7018497e+000
  7.9000000e+002  4.1588226e+000
  7.9200000e+002  4.2678320e+000
  7.9400000e+002  4.7350369e+000
  7.9600000e+002  4.6667659e+000
  7.9800000e+002  4.6804559e+000
  8.0000000e+002  4.6762959e+000
  8.0200000e+002  4.7290747e+000
  8.0400000e+002  4.5481362e+000
  8.0600000e+002  4.5314411e+000
  8.0800000e+002  4.4878476e+000
  8.1000000e+002  4.3080550e+000
  8.1200000e+002  4.3838852e+000
  8.1400000e+002  4.1243215e+000
  8.1600000e+002  4.0776367e+000
  8.1800000e+002  3.9029303e+000
  8.2000000e+002  3.9568660e+000
  8.2200000e+002  3.8996249e+000
  8.2400000e+002  3.9211249e+000
  8.2600000e+002  4.1079031e+000
  8.2800000e+002  3.9464873e+000
  8.3000000e+002  4.0413596e+000
  8.3200000e+002  4.0736214e+000
  8.3400000e+002  3.9539857e+000
  8.3600000e+002  3.8153346e+000
  8.3800000e+002  3.9882660e+000
  8.4000000e+002  4.0239512e+000
  8.4200000e+002  3.8066094e+000
  8.4400000e+002  3.6739484e+000
  8.4600000e+002  3.5764607e+000
  8.4800000e+002  3.6264886e+000
  8.5000000e+002  3.4975553e+000
  8.5200000e+002  3.6532368e+000
  8.5400000e+002  3.6286889e+000
  8.5600000e+002  3.4647943e+000
  8.5800000e+002  3.4236006e+000
  8.6000000e+002  3.4512033e+000
  8.6200000e+002  3.6838698e+000
  8.6400000e+002  3.5767510e+000
  8.6600000e+002  4.0551031e+000
  8.6800000e+002  4.3150020e+000
  8.7000000e+002  4.5050515e+000
  8.7200000e+002  4.6702068e+000
  8.7400000e+002  4.6819558e+000
  8.7600000e+002  4.6947187e+000
  8.7800000e+002  4.5902328e+000
  8.8000000e+002  4.6786441e+000
  8.8200000e+002  4.4201330e+000
  8.8400000e+002  4.4701569e+000
  8.8600000e+002  4.4725050e+000
  8.8800000e+002  4.4498731e+000
  8.9000000e+002  4.3925419e+000
  8.9200000e+002  4.3205617e+000
  8.9400000e+002  4.4096921e+000
  8.9600000e+002  4.3968257e+000
  8.9800000e+002  4.3324172e+000
  9.0000000e+002  4.2936987e+000
  9.0200000e+002  4.1740780e+000
  9.0400000e+002  4.1405388e+000
  9.0600000e+002  4.1184094e+000
  9.0800000e+002  3.9867724e+000
  9.1000000e+002  3.9866943e+000
  9.1200000e+002  4.0866664e+000
  9.1400000e+002  4.0312113e+000
  9.1600000e+002  4.0643314e+000
  9.1800000e+002  4.3737650e+000
  9.2000000e+002  4.5097524e+000
  9.2200000e+002  4.5510454e+000
  9.2400000e+002  4.4277084e+000
  9.2600000e+002  4.3782337e+000
  9.2800000e+002  4.2638392e+000
  9.3000000e+002  4.0991982e+000
  9.3200000e+002  4.0740876e+000
  9.3400000e+002  3.9824743e+000
  9.3600000e+002  4.0160300e+000
  9.3800000e+002  3.8585894e+000
  9.4000000e+002  3.8855636e+000
  9.4200000e+002  3.6895668e+000
  9.4400000e+002  3.5661271e+000
  9.4600000e+002  3.6301584e+000
  9.4800000e+002  3.4847885e+000
  9.5000000e+002  3.4388289e+000
  9.5200000e+002  3.2980285e+000
  9.5400000e+002  3.3934857e+000
  9.5600000e+002  3.3266620e+000
  9.5800000e+002  3.7337985e+000
  9.6000000e+002  4.1556642e+000
  9.6200000e+002  4.4232439e+000
  9.6400000e+002  4.5837464e+000
  9.6600000e+002  4.3027926e+000
  9.6800000e+002  4.2075631e+000
  9.7000000e+002  4.0939578e+000
  9.7200000e+002  3.9842858e+000
  9.7400000e+002  3.8718313e+000
  9.7600000e+002  3.7726376e+000
  9.7800000e+002  3.7209500e+000
  9.8000000e+002  3.7638568e+000
  9.8200000e+002  3.9922402e+000
  9.8400000e+002  4.1463592e+000
  9.8600000e+002  4.2410156e+000
  9.8800000e+002  4.2067669e+000
  9.9000000e+002  4.1052463e+000
  9.9200000e+002  4.0587973e+000
  9.9400000e+002  3.9386516e+000
  9.9600000e+002  3.8353560e+000
  9.9800000e+002  3.8382136e+000
  1.0000000e+003  3.9350013e+000
  1.0020000e+003  4.1452667e+000
  1.0040000e+003  4.2836575e+000
  1.0060000e+003  4.2167491e+000
  1.0080000e+003  4.2191829e+000
  1.0100000e+003  4.1187991e+000
  1.0120000e+003  4.1339034e+000
  1.0140000e+003  3.9900215e+000
  1.0160000e+003  3.7251900e+000
  1.0180000e+003  3.7834629e+000
  1.0200000e+003  3.8317488e+000
  1.0220000e+003  3.5662004e+000
  1.0240000e+003  3.6415498e+000
  1.0260000e+003  3.8718635e+000
  1.0280000e+003  3.8391140e+000
  1.0300000e+003  3.9478103e+000
  1.0320000e+003  4.0777995e+000
  1.0340000e+003  4.3553959e+000
  1.0360000e+003  4.3326922e+000
  1.0380000e+003  4.5414014e+000
  1.0400000e+003  4.3267055e+000
  1.0420000e+003  4.2310560e+000
  1.0440000e+003  4.3770546e+000
  1.0460000e+003  4.2209426e+000
  1.0480000e+003  4.2897794e+000
  1.0500000e+003  4.1826674e+000
  1.0520000e+003  4.2724781e+000
  1.0540000e+003  4.2474775e+000
  1.0560000e+003  4.1162553e+000
  1.0580000e+003  4.2282657e+000
  1.0600000e+003  4.0836902e+000
  1.0620000e+003  3.9396932e+000
  1.0640000e+003  3.6647825e+000
  1.0660000e+003  3.4780861e+000
  1.0680000e+003  3.3269000e+000
  1.0700000e+003  3.3427836e+000
  1.0720000e+003  3.2059532e+000
  1.0740000e+003  3.4192980e+000
  1.0760000e+003  3.4846407e+000
  1.0780000e+003  3.5416196e+000
  1.0800000e+003  3.6089590e+000
  1.0820000e+003  3.8086304e+000
  1.0840000e+003  3.7011217e+000
  1.0860000e+003  3.8910137e+000
  1.0880000e+003  3.9085604e+000
  1.0900000e+003  3.9479304e+000
  1.0920000e+003  4.0077977e+000
  1.0940000e+003  3.9969818e+000
  1.0960000e+003  4.0258778e+000
  1.0980000e+003  4.2931949e+000
  1.1000000e+003  4.0822399e+000
  1.1020000e+003  4.0264898e+000
  1.1040000e+003  3.9280695e+000
  1.1060000e+003  3.8293499e+000
  1.1080000e+003  3.6676891e+000
  1.1100000e+003  3.8482483e+000
  1.1120000e+003  3.8398773e+000
  1.1140000e+003  4.1221174e+000
  1.1160000e+003  4.1419370e+000
  1.1180000e+003  4.1965751e+000
  1.1200000e+003  4.0876466e+000
  1.1220000e+003  4.4734854e+000
  1.1240000e+003  4.3445838e+000
  1.1260000e+003  4.5046154e+000
  1.1280000e+003  4.3776697e+000
  1.1300000e+003  4.3199660e+000
  1.1320000e+003  4.0513292e+000
  1.1340000e+003  4.2244932e+000
  1.1360000e+003  4.2387320e+000
  1.1380000e+003  4.0234147e+000
  1.1400000e+003  4.0208559e+000
  1.1420000e+003  3.9693158e+000
  1.1440000e+003  3.9925396e+000
  1.1460000e+003  3.8635167e+000
  1.1480000e+003  4.0150415e+000
  1.1500000e+003  3.8153005e+000
  1.1520000e+003  3.7521461e+000
  1.1540000e+003  3.7631121e+000
  1.1560000e+003  3.7852431e+000
  1.1580000e+003  3.6818135e+000
  1.1600000e+003  3.5962852e+000
  1.1620000e+003  3.6010381e+000
  1.1640000e+003  3.6603489e+000
  1.1660000e+003  3.5287247e+000
  1.1680000e+003  3.5637680e+000
  1.1700000e+003  3.6004871e+000
  1.1720000e+003  3.7326948e+000
  1.1740000e+003  3.7645369e+000
  1.1760000e+003  3.7421696e+000
  1.1780000e+003  3.7963559e+000
  1.1800000e+003  3.6010787e+000
  1.1820000e+003  3.8373860e+000
  1.1840000e+003  3.6541913e+000
  1.1860000e+003  3.7672857e+000
  1.1880000e+003  3.6735262e+000
  1.1900000e+003  4.0472879e+000
  1.1920000e+003  4.1408690e+000
  1.1940000e+003  4.2738702e+000
  1.1960000e+003  4.2818245e+000
  1.1980000e+003  4.4310055e+000
  1.2000000e+003  4.4151664e+000
  1.2020000e+003  4.2019602e+000
  1.2040000e+003  4.3386214e+000
  1.2060000e+003  4.1583015e+000
  1.2080000e+003  4.3211116e+000
  1.2100000e+003  4.2030837e+000
  1.2120000e+003  4.0821374e+000
  1.2140000e+003  4.1000855e+000
  1.2160000e+003  3.8215762e+000
  1.2180000e+003  3.7331584e+000
  1.2200000e+003  3.9727630e+000
  1.2220000e+003  3.9427052e+000
  1.2240000e+003  3.7389497e+000
  1.2260000e+003  3.6277200e+000
  1.2280000e+003  3.5488456e+000
  1.2300000e+003  3.4246632e+000
  1.2320000e+003  3.4081690e+000
  1.2340000e+003  3.3388603e+000
  1.2360000e+003  3.3835299e+000
  1.2380000e+003  3.3537206e+000
  1.2400000e+003  3.3331496e+000
  1.2420000e+003  3.4668286e+000
  1.2440000e+003  3.8513874e+000
  1.2460000e+003  4.1041401e+000
  1.2480000e+003  4.3561019e+000
  1.2500000e+003  4.3129191e+000
  1.2520000e+003  4.2487738e+000
  1.2540000e+003  4.2704370e+000
  1.2560000e+003  4.1070139e+000
  1.2580000e+003  3.9033941e+000
  1.2600000e+003  3.8697164e+000
  1.2620000e+003  4.0665516e+000
  1.2640000e+003  3.9611451e+000
  1.2660000e+003  3.9068367e+000
  1.2680000e+003  3.9067347e+000
  1.2700000e+003  3.8430172e+000
  1.2720000e+003  3.8119238e+000
  1.2740000e+003  3.8403701e+000
  1.2760000e+003  3.7109045e+000
  1.2780000e+003  3.6700908e+000
  1.2800000e+003  3.5602191e+000
  1.2820000e+003  3.6511555e+000
  1.2840000e+003  3.8401656e+000
  1.2860000e+003  3.9708532e+000
  1.2880000e+003  4.2610604e+000
  1.2900000e+003  4.3532727e+000
  1.2920000e+003  4.1428003e+000
  1.2940000e+003  3.9379516e+000
  1.2960000e+003  4.2046199e+000
  1.2980000e+003  4.1455178e+000
  1.3000000e+003  4.0720954e+000
  1.3020000e+003  4.0555329e+000
  1.3040000e+003  3.9671554e+000
  1.3060000e+003  3.8950411e+000
  1.3080000e+003  3.8008949e+000
  1.3100000e+003  3.6495184e+000
  1.3120000e+003  3.6901437e+000
  1.3140000e+003  3.7078043e+000
  1.3160000e+003  3.5908512e+000
  1.3180000e+003  3.7307863e+000
  1.3200000e+003  3.9459635e+000
  1.3220000e+003  3.9390022e+000
  1.3240000e+003  3.9918740e+000
  1.3260000e+003  3.9981551e+000
  1.3280000e+003  4.0928147e+000
  1.3300000e+003  4.0594550e+000
  1.3320000e+003  4.0243518e+000
  1.3340000e+003  4.1866934e+000
  1.3360000e+003  4.1932093e+000
  1.3380000e+003  4.0978467e+000
  1.3400000e+003  4.1909210e+000
  1.3420000e+003  4.0652346e+000
  1.3440000e+003  3.8826591e+000
  1.3460000e+003  3.8565665e+000
  1.3480000e+003  3.6724284e+000
  1.3500000e+003  3.5860987e+000
  1.3520000e+003  3.4855642e+000
  1.3540000e+003  3.4119814e+000
  1.3560000e+003  3.4998604e+000
  1.3580000e+003  3.5511114e+000
  1.3600000e+003  3.6283629e+000
  1.3620000e+003  3.7970586e+000
  1.3640000e+003  3.9843160e+000
  1.3660000e+003  3.9878096e+000
  1.3680000e+003  4.2031782e+000
  1.3700000e+003  4.0399003e+000
  1.3720000e+003  4.2605173e+000
  1.3740000e+003  4.2057405e+000
  1.3760000e+003  4.0817722e+000
  1.3780000e+003  4.1973312e+000
  1.3800000e+003  4.0535557e+000
  1.3820000e+003  3.9649719e+000
  1.3840000e+003  3.8229242e+000
  1.3860000e+003  3.7221963e+000
  1.3880000e+003  3.6097320e+000
  1.3900000e+003  3.7315406e+000
  1.3920000e+003  3.5884228e+000
  1.3940000e+003  3.7014121e+000
  1.3960000e+003  3.5423920e+000
  1.3980000e+003  3.4945019e+000
  1.4000000e+003  3.5564129e+000
  1.4020000e+003  3.6283819e+000
  1.4040000e+003  3.7387716e+000
  1.4060000e+003  3.9710766e+000
  1.4080000e+003  3.9747011e+000
  1.4100000e+003  4.2044947e+000
  1.4120000e+003  4.4043327e+000
  1.4140000e+003  4.2165864e+000
  1.4160000e+003  3.9550466e+000
  1.4180000e+003  3.8419869e+000
  1.4200000e+003  3.9643717e+000
  1.4220000e+003  3.8294212e+000
  1.4240000e+003  3.7238203e+000
  1.4260000e+003  3.7186658e+000
  1.4280000e+003  3.6060057e+000
  1.4300000e+003  3.5195409e+000
  1.4320000e+003  3.3788060e+000
  1.4340000e+003  3.3813657e+000
  1.4360000e+003  3.2375435e+000
  1.4380000e+003  3.2422156e+000
  1.4400000e+003  3.2811386e+000
  1.4420000e+003  3.3415301e+000
  1.4440000e+003  3.3304988e+000
  1.4460000e+003  3.3584786e+000
  1.4480000e+003  3.3542143e+000
  1.4500000e+003  3.4936834e+000
  1.4520000e+003  3.7986838e+000
  1.4540000e+003  4.1978627e+000
  1.4560000e+003  4.3109320e+000
  1.4580000e+003  4.2381195e+000
  1.4600000e+003  4.0994115e+000
  1.4620000e+003  4.0712525e+000
  1.4640000e+003  4.2180134e+000
  1.4660000e+003  3.9948607e+000
  1.4680000e+003  3.8650120e+000
  1.4700000e+003  3.6157354e+000
  1.4720000e+003  3.4466227e+000
  1.4740000e+003  3.3799604e+000
  1.4760000e+003  3.3101318e+000
  1.4780000e+003  3.4222310e+000
  1.4800000e+003  3.3916408e+000
  1.4820000e+003  3.4400078e+000
  1.4840000e+003  3.5669108e+000
  1.4860000e+003  3.4240489e+000
  1.4880000e+003  3.4215543e+000
  1.4900000e+003  3.5077614e+000
  1.4920000e+003  3.7706442e+000
  1.4940000e+003  4.0469918e+000
  1.4960000e+003  4.3612191e+000
  1.4980000e+003  4.2389616e+000
  1.5000000e+003  4.2135752e+000
  1.5025000e+003  4.2924291e+000
  1.5050000e+003  4.1552780e+000
  1.5075000e+003  4.1483811e+000
  1.5100000e+003  4.0203270e+000
  1.5125000e+003  3.7405462e+000
  1.5150000e+003  3.6942805e+000
  1.5175000e+003  3.7864115e+000
  1.5200000e+003  3.6448380e+000
  1.5225000e+003  3.6679882e+000
  1.5250000e+003  3.6983336e+000
  1.5275000e+003  3.8930265e+000
  1.5300000e+003  3.9599095e+000
  1.5325000e+003  4.1999056e+000
  1.5350000e+003  4.4084185e+000
  1.5375000e+003  4.3522520e+000
  1.5400000e+003  4.3829612e+000
  1.5425000e+003  4.2982874e+000
  1.5450000e+003  4.0738262e+000
  1.5475000e+003  3.9664592e+000
  1.5500000e+003  3.8225951e+000
  1.5525000e+003  3.6788490e+000
  1.5550000e+003  3.7223891e+000
  1.5575000e+003  3.7883993e+000
  1.5600000e+003  3.7560789e+000
  1.5625000e+003  3.5773932e+000
  1.5650000e+003  3.5633997e+000
  1.5675000e+003  3.7314879e+000
  1.5700000e+003  3.8466743e+000
  1.5725000e+003  4.1742273e+000
  1.5750000e+003  4.2371635e+000
  1.5775000e+003  4.1830541e+000
  1.5800000e+003  3.9947299e+000
  1.5825000e+003  3.9944906e+000
  1.5850000e+003  3.7978774e+000
  1.5875000e+003  3.6618519e+000
  1.5900000e+003  3.7219438e+000
  1.5925000e+003  3.8583026e+000
  1.5950000e+003  3.7095266e+000
  1.5975000e+003  3.6073998e+000
  1.6000000e+003  3.5262709e+000
  1.6025000e+003  3.3723430e+000
  1.6050000e+003  3.5482112e+000
  1.6075000e+003  3.6604096e+000
  1.6100000e+003  3.6613600e+000
  1.6125000e+003  3.8845581e+000
  1.6150000e+003  3.8376732e+000
  1.6175000e+003  3.9013491e+000
  1.6200000e+003  3.6539119e+000
  1.6225000e+003  3.6818261e+000
  1.6250000e+003  3.7596077e+000
  1.6275000e+003  4.0145599e+000
  1.6300000e+003  3.5513530e+000
  1.6325000e+003  3.5709218e+000
  1.6350000e+003  3.5575523e+000
  1.6375000e+003  3.5998646e+000
  1.6400000e+003  3.6762474e+000
  1.6425000e+003  3.8805549e+000
  1.6450000e+003  4.0534384e+000
  1.6475000e+003  4.1679355e+000
  1.6500000e+003  4.1801934e+000
  1.6525000e+003  4.2511574e+000
  1.6550000e+003  4.2845615e+000
  1.6575000e+003  4.1134680e+000
  1.6600000e+003  4.1333701e+000
  1.6625000e+003  4.0793383e+000
  1.6650000e+003  4.1284242e+000
  1.6675000e+003  3.9091995e+000
  1.6700000e+003  3.8791071e+000
  1.6725000e+003  3.8635538e+000
  1.6750000e+003  3.5549499e+000
  1.6775000e+003  3.7240303e+000
  1.6800000e+003  3.6525311e+000
  1.6825000e+003  3.5715602e+000
  1.6850000e+003  3.5879532e+000
  1.6875000e+003  3.7395142e+000
  1.6900000e+003  3.7162228e+000
  1.6925000e+003  3.7504650e+000
  1.6950000e+003  3.8238860e+000
  1.6975000e+003  3.7747476e+000
  1.7000000e+003  4.0857776e+000
  1.7025000e+003  4.1512453e+000
  1.7050000e+003  4.1244198e+000
  1.7075000e+003  4.1684953e+000
  1.7100000e+003  3.9314556e+000
  1.7125000e+003  3.8575722e+000
  1.7150000e+003  3.8325902e+000
  1.7175000e+003  3.5730285e+000
  1.7200000e+003  3.5225249e+000
  1.7225000e+003  3.7193677e+000
  1.7250000e+003  3.7910846e+000
  1.7275000e+003  3.7967370e+000
  1.7300000e+003  3.7432577e+000
  1.7325000e+003  3.8563519e+000
  1.7350000e+003  3.5974870e+000
  1.7375000e+003  3.5999123e+000
  1.7400000e+003  3.7091395e+000
  1.7425000e+003  3.6916548e+000
  1.7450000e+003  4.1289679e+000
  1.7475000e+003  4.2073377e+000
  1.7500000e+003  4.1646488e+000
  1.7525000e+003  3.8457135e+000
  1.7550000e+003  3.7401270e+000
  1.7575000e+003  3.8276782e+000
  1.7600000e+003  3.5258484e+000
  1.7625000e+003  3.6285466e+000
  1.7650000e+003  3.4909049e+000
  1.7675000e+003  3.5160850e+000
  1.7700000e+003  3.4844731e+000
  1.7725000e+003  3.3837247e+000
  1.7750000e+003  3.5327123e+000
  1.7775000e+003  3.5719319e+000
  1.7800000e+003  3.6519011e+000
  1.7825000e+003  3.7998725e+000
  1.7850000e+003  3.7705256e+000
  1.7875000e+003  3.8453064e+000
  1.7900000e+003  3.9925648e+000
  1.7925000e+003  4.0577181e+000
  1.7950000e+003  4.0944859e+000
  1.7975000e+003  3.8871890e+000
  1.8000000e+003  3.9509442e+000
  1.8025000e+003  3.8015925e+000
  1.8050000e+003  3.6816573e+000
  1.8075000e+003  3.6596571e+000
  1.8100000e+003  3.5209573e+000
  1.8125000e+003  3.6807337e+000
  1.8150000e+003  3.6107031e+000
  1.8175000e+003  3.9847565e+000
  1.8200000e+003  3.8219839e+000
  1.8225000e+003  3.7250456e+000
  1.8250000e+003  3.7240510e+000
  1.8275000e+003  3.6458512e+000
  1.8300000e+003  3.4227417e+000
  1.8325000e+003  3.6281212e+000
  1.8350000e+003  3.6779234e+000
  1.8375000e+003  3.5729432e+000
  1.8400000e+003  3.5747466e+000
  1.8425000e+003  3.5661813e+000
  1.8450000e+003  3.6107373e+000
  1.8475000e+003  3.7963776e+000
  1.8500000e+003  3.6167855e+000
  1.8525000e+003  3.6109614e+000
  1.8550000e+003  3.5629170e+000
  1.8575000e+003  3.6438292e+000
  1.8600000e+003  3.8925289e+000
  1.8625000e+003  4.1862531e+000
  1.8650000e+003  4.1567619e+000
  1.8675000e+003  3.9698905e+000
  1.8700000e+003  3.9530508e+000
  1.8725000e+003  3.8345991e+000
  1.8750000e+003  3.8435112e+000
  1.8775000e+003  3.7264871e+000
  1.8800000e+003  3.7668810e+000
  1.8825000e+003  3.6947539e+000
  1.8850000e+003  3.7516131e+000
  1.8875000e+003  3.5917837e+000
  1.8900000e+003  3.6807795e+000
  1.8925000e+003  3.6148891e+000
  1.8950000e+003  3.7422899e+000
  1.8975000e+003  3.6868290e+000
  1.9000000e+003  4.0210556e+000
  1.9025000e+003  3.9280280e+000
  1.9050000e+003  4.0092544e+000
  1.9075000e+003  3.8259950e+000
  1.9100000e+003  3.8140705e+000
  1.9125000e+003  3.8091439e+000
  1.9150000e+003  3.7009896e+000
  1.9175000e+003  3.6426342e+000
  1.9200000e+003  3.6991616e+000
  1.9225000e+003  3.6545339e+000
  1.9250000e+003  3.4980165e+000
  1.9275000e+003  3.4765068e+000
  1.9300000e+003  3.5134108e+000
  1.9325000e+003  3.4539953e+000
  1.9350000e+003  3.5156058e+000
  1.9375000e+003  3.5776597e+000
  1.9400000e+003  3.5107352e+000
  1.9425000e+003  4.0192446e+000
  1.9450000e+003  4.0307936e+000
  1.9475000e+003  4.1712878e+000
  1.9500000e+003  4.1033944e+000
  1.9525000e+003  4.0241709e+000
  1.9550000e+003  3.8919742e+000
  1.9575000e+003  3.7664445e+000
  1.9600000e+003  3.8579862e+000
  1.9625000e+003  3.9011760e+000
  1.9650000e+003  3.7401173e+000
  1.9675000e+003  3.6114416e+000
  1.9700000e+003  3.7522226e+000
  1.9725000e+003  3.4962490e+000
  1.9750000e+003  3.5458851e+000
  1.9775000e+003  3.4462183e+000
  1.9800000e+003  3.3265060e+000
  1.9825000e+003  3.3811677e+000
  1.9850000e+003  3.3595643e+000
  1.9875000e+003  3.5176565e+000
  1.9900000e+003  3.6549446e+000
  1.9925000e+003  3.6755514e+000
  1.9950000e+003  3.5805689e+000
  1.9975000e+003  3.6905130e+000
  2.0000000e+003  3.8467213e+000
  2.0025000e+003  3.8068521e+000
  2.0050000e+003  3.9193234e+000
  2.0075000e+003  3.8882420e+000
  2.0100000e+003  3.5452990e+000
  2.0125000e+003  3.6330670e+000
  2.0150000e+003  3.8119469e+000
  2.0175000e+003  3.5368851e+000
  2.0200000e+003  3.5687102e+000
  2.0225000e+003  3.4630471e+000
  2.0250000e+003  3.2354557e+000
  2.0275000e+003  3.4430623e+000
  2.0300000e+003  3.3427014e+000
  2.0325000e+003  3.3590751e+000
  2.0350000e+003  3.5618772e+000
  2.0375000e+003  3.6301551e+000
  2.0400000e+003  3.6702207e+000
  2.0425000e+003  3.6215464e+000
  2.0450000e+003  3.9165269e+000
  2.0475000e+003  3.7774755e+000
  2.0500000e+003  3.7084328e+000
  2.0525000e+003  3.6176832e+000
  2.0550000e+003  3.6048411e+000
  2.0575000e+003  3.7221310e+000
  2.0600000e+003  3.7364416e+000
  2.0625000e+003  3.8802213e+000
  2.0650000e+003  4.1807662e+000
  2.0675000e+003  4.1752270e+000
  2.0700000e+003  4.2080783e+000
  2.0725000e+003  4.2837263e+000
  2.0750000e+003  4.1564143e+000
  2.0775000e+003  4.1522037e+000
  2.0800000e+003  3.9619906e+000
  2.0825000e+003  3.9933593e+000
  2.0850000e+003  3.8503475e+000
  2.0875000e+003  3.8823063e+000
  2.0900000e+003  3.6988457e+000
  2.0925000e+003  3.6301890e+000
  2.0950000e+003  3.4923575e+000
  2.0975000e+003  3.4580628e+000
  2.1000000e+003  3.4354171e+000
  2.1025000e+003  3.5507290e+000
  2.1050000e+003  3.6588143e+000
  2.1075000e+003  3.6323356e+000
  2.1100000e+003  3.5137620e+000
  2.1125000e+003  3.5025940e+000
  2.1150000e+003  3.5039645e+000
  2.1175000e+003  3.7211543e+000
  2.1200000e+003  3.6818435e+000
  2.1225000e+003  3.6770958e+000
  2.1250000e+003  3.5001269e+000
  2.1275000e+003  3.4715495e+000
  2.1300000e+003  3.3172535e+000
  2.1325000e+003  3.2868674e+000
  2.1350000e+003  3.2925524e+000
  2.1375000e+003  3.3357011e+000
  2.1400000e+003  3.2304243e+000
  2.1425000e+003  3.4438901e+000
  2.1450000e+003  3.6042856e+000
  2.1475000e+003  4.0035531e+000
  2.1500000e+003  4.1545931e+000
  2.1525000e+003  4.2214116e+000
  2.1550000e+003  4.2344186e+000
  2.1575000e+003  4.1033597e+000
  2.1600000e+003  4.1475092e+000
  2.1625000e+003  3.9400281e+000
  2.1650000e+003  3.8831840e+000
  2.1675000e+003  3.7698532e+000
  2.1700000e+003  3.6936246e+000
  2.1725000e+003  3.6696809e+000
  2.1750000e+003  3.5578078e+000
  2.1775000e+003  3.4962533e+000
  2.1800000e+003  3.3646014e+000
  2.1825000e+003  3.4074017e+000
  2.1850000e+003  3.4208599e+000
  2.1875000e+003  3.3800158e+000
  2.1900000e+003  3.5576747e+000
  2.1925000e+003  3.6794391e+000
  2.1950000e+003  3.7731471e+000
  2.1975000e+003  3.8322514e+000
  2.2000000e+003  3.8560277e+000
  2.2025000e+003  3.8286740e+000
  2.2050000e+003  3.7408529e+000
  2.2075000e+003  3.5984178e+000
  2.2100000e+003  3.5938636e+000
  2.2125000e+003  3.4615220e+000
  2.2150000e+003  3.5873046e+000
  2.2175000e+003  3.6095732e+000
  2.2200000e+003  3.5703679e+000
  2.2225000e+003  3.4884284e+000
  2.2250000e+003  3.3877197e+000
  2.2275000e+003  3.4152992e+000
  2.2300000e+003  3.4568580e+000
  2.2325000e+003  3.4873650e+000
  2.2350000e+003  3.5590905e+000
  2.2375000e+003  3.8008047e+000
  2.2400000e+003  4.0113868e+000
  2.2425000e+003  3.8735505e+000
  2.2450000e+003  3.8000115e+000
  2.2475000e+003  3.7248071e+000
  2.2500000e+003  3.6111891e+000
  2.2525000e+003  3.4492257e+000
  2.2550000e+003  3.3932279e+000
  2.2575000e+003  3.3213659e+000
  2.2600000e+003  3.2102445e+000
  2.2625000e+003  3.3000283e+000
  2.2650000e+003  3.4505522e+000
  2.2675000e+003  3.3671153e+000
  2.2700000e+003  3.4844262e+000
  2.2725000e+003  3.5008239e+000
  2.2750000e+003  3.8727619e+000
  2.2775000e+003  3.8005405e+000
  2.2800000e+003  3.8366323e+000
  2.2825000e+003  3.9073553e+000
  2.2850000e+003  3.7973243e+000
  2.2875000e+003  3.6913108e+000
  2.2900000e+003  3.6842253e+000
  2.2925000e+003  3.4583432e+000
  2.2950000e+003  3.4451350e+000
  2.2975000e+003  3.2741651e+000
  2.3000000e+003  3.2835815e+000
  2.3025000e+003  3.3558469e+000
  2.3050000e+003  3.3509063e+000
  2.3075000e+003  3.4264967e+000
  2.3100000e+003  3.6073185e+000
  2.3125000e+003  3.7025267e+000
  2.3150000e+003  3.7393708e+000
  2.3175000e+003  3.7480918e+000
  2.3200000e+003  3.7624673e+000
  2.3225000e+003  3.5975118e+000
  2.3250000e+003  3.5174177e+000
  2.3275000e+003  3.6384303e+000
  2.3300000e+003  3.6426654e+000
  2.3325000e+003  3.5180952e+000
  2.3350000e+003  3.3925073e+000
  2.3375000e+003  3.2893120e+000
  2.3400000e+003  3.2026561e+000
  2.3425000e+003  3.3332524e+000
  2.3450000e+003  3.3670289e+000
  2.3475000e+003  3.2477592e+000
  2.3500000e+003  3.5820831e+000
  2.3525000e+003  3.7224123e+000
  2.3550000e+003  3.8043502e+000
  2.3575000e+003  3.9622361e+000
  2.3600000e+003  3.9249335e+000
  2.3625000e+003  3.7632532e+000
  2.3650000e+003  3.8668748e+000
  2.3675000e+003  3.6289318e+000
  2.3700000e+003  3.7187338e+000
  2.3725000e+003  3.6288692e+000
  2.3750000e+003  3.3853965e+000
  2.3775000e+003  3.3814213e+000
  2.3800000e+003  3.3702673e+000
  2.3825000e+003  3.2434470e+000
  2.3850000e+003  3.3323382e+000
  2.3875000e+003  3.4817413e+000
  2.3900000e+003  3.5381416e+000
  2.3925000e+003  3.5957815e+000
  2.3950000e+003  3.4068188e+000
  2.3975000e+003  3.4553222e+000
  2.4000000e+003  3.4776505e+000
  2.4025000e+003  3.6662050e+000
  2.4050000e+003  3.6874491e+000
  2.4075000e+003  3.4135196e+000
  2.4100000e+003  3.2854850e+000
  2.4125000e+003  3.3745024e+000
  2.4150000e+003  3.3678085e+000
  2.4175000e+003  3.3315991e+000
  2.4200000e+003  3.3539343e+000
  2.4225000e+003  3.5349845e+000
  2.4250000e+003  3.4887205e+000
  2.4275000e+003  3.6612386e+000
  2.4300000e+003  3.9302223e+000
  2.4325000e+003  4.1659549e+000
  2.4350000e+003  4.0946539e+000
  2.4375000e+003  4.1374105e+000
  2.4400000e+003  4.0092891e+000
  2.4425000e+003  3.9953068e+000
  2.4450000e+003  3.9535776e+000
  2.4475000e+003  3.9091887e+000
  2.4500000e+003  3.7297328e+000
  2.4525000e+003  3.6866915e+000
  2.4550000e+003  3.4537774e+000
  2.4575000e+003  3.3856959e+000
  2.4600000e+003  3.3904650e+000
  2.4625000e+003  3.2063702e+000
  2.4650000e+003  3.2506689e+000
  2.4675000e+003  3.3070733e+000
  2.4700000e+003  3.3205791e+000
  2.4725000e+003  3.4301642e+000
  2.4750000e+003  3.5697557e+000
  2.4775000e+003  3.6962505e+000
  2.4800000e+003  3.7039544e+000
  2.4825000e+003  3.9636986e+000
  2.4850000e+003  3.9883231e+000
  2.4875000e+003  4.1576525e+000
  2.4900000e+003  3.8309262e+000
  2.4925000e+003  3.6511111e+000
  2.4950000e+003  3.6241276e+000
  2.4975000e+003  3.4309582e+000
  2.5000000e+003  3.1818830e+000
  2.5025000e+003  3.3470349e+000
  2.5050000e+003  3.4797779e+000
  2.5075000e+003  3.4151341e+000
  2.5100000e+003  3.6496972e+000
  2.5125000e+003  3.7614968e+000
  2.5150000e+003  3.8856114e+000
  2.5175000e+003  4.1178776e+000
  2.5200000e+003  4.1267532e+000
  2.5225000e+003  4.0642314e+000
  2.5250000e+003  4.1251708e+000
  2.5275000e+003  4.0329936e+000
  2.5300000e+003  3.8874242e+000
  2.5325000e+003  3.9260084e+000
  2.5350000e+003  3.7334495e+000
  2.5375000e+003  3.7400357e+000
  2.5400000e+003  3.6338674e+000
  2.5425000e+003  3.3529148e+000
  2.5450000e+003  3.2734345e+000
  2.5475000e+003  3.1822171e+000
  2.5500000e+003  3.2148887e+000
  2.5525000e+003  3.2781448e+000
  2.5550000e+003  3.4344952e+000
  2.5575000e+003  3.3871992e+000
  2.5600000e+003  3.3686739e+000
  2.5625000e+003  3.3829472e+000
  2.5650000e+003  3.6264221e+000
  2.5675000e+003  3.5298431e+000
  2.5700000e+003  3.4737439e+000
  2.5725000e+003  3.4709734e+000
  2.5750000e+003  3.4137833e+000
  2.5775000e+003  3.3168849e+000
  2.5800000e+003  3.2349544e+000
  2.5825000e+003  3.2602209e+000
  2.5850000e+003  3.1641953e+000
  2.5875000e+003  3.2689061e+000
  2.5900000e+003  3.4312413e+000
  2.5925000e+003  3.4488290e+000
  2.5950000e+003  3.4736338e+000
  2.5975000e+003  3.7436656e+000
  2.6000000e+003  3.9010457e+000
  2.6025000e+003  3.8601645e+000
  2.6050000e+003  3.8121950e+000
  2.6075000e+003  3.8465464e+000
  2.6100000e+003  3.6220092e+000
  2.6125000e+003  3.6433273e+000
  2.6150000e+003  3.4444080e+000
  2.6175000e+003  3.4516589e+000
  2.6200000e+003  3.2725816e+000
  2.6225000e+003  3.2357556e+000
  2.6250000e+003  3.3123372e+000
  2.6275000e+003  3.2628186e+000
  2.6300000e+003  3.2252563e+000
  2.6325000e+003  3.4439099e+000
  2.6350000e+003  3.4481979e+000
  2.6375000e+003  3.4830392e+000
  2.6400000e+003  3.6562562e+000
  2.6425000e+003  3.7219491e+000
  2.6450000e+003  3.8433088e+000
  2.6475000e+003  3.6861146e+000
  2.6500000e+003  3.5116903e+000
  2.6525000e+003  3.4072432e+000
  2.6550000e+003  3.3512388e+000
  2.6575000e+003  3.1356541e+000
  2.6600000e+003  3.2269964e+000
  2.6625000e+003  3.0531262e+000
  2.6650000e+003  3.2505968e+000
  2.6675000e+003  3.2376354e+000
  2.6700000e+003  3.1878129e+000
  2.6725000e+003  3.1966281e+000
  2.6750000e+003  3.2175776e+000
  2.6775000e+003  3.3643264e+000
  2.6800000e+003  3.3694147e+000
  2.6825000e+003  3.5381287e+000
  2.6850000e+003  3.6819691e+000
  2.6875000e+003  3.7529294e+000
  2.6900000e+003  3.6077219e+000
  2.6925000e+003  3.5317985e+000
  2.6950000e+003  3.6098074e+000
  2.6975000e+003  3.5666926e+000
  2.7000000e+003  3.6135655e+000
  2.7025000e+003  3.4782116e+000
  2.7050000e+003  3.7855301e+000
  2.7075000e+003  3.7550739e+000
  2.7100000e+003  3.7003746e+000
  2.7125000e+003  3.7564085e+000
  2.7150000e+003  3.8653695e+000
  2.7175000e+003  3.7958736e+000
  2.7200000e+003  3.8005837e+000
  2.7225000e+003  3.7675509e+000
  2.7250000e+003  3.6602457e+000
  2.7275000e+003  3.6095656e+000
  2.7300000e+003  3.4707033e+000
  2.7325000e+003  3.3861679e+000
  2.7350000e+003  3.2716790e+000
  2.7375000e+003  3.1235261e+000
  2.7400000e+003  3.1758822e+000
  2.7425000e+003  3.0369895e+000
  2.7450000e+003  3.1511212e+000
  2.7475000e+003  3.0872842e+000
  2.7500000e+003  3.1349548e+000
  2.7525000e+003  3.2098100e+000
  2.7550000e+003  3.1893916e+000
  2.7575000e+003  3.1615748e+000
  2.7600000e+003  3.2685311e+000
  2.7625000e+003  3.2415380e+000
  2.7650000e+003  3.2382373e+000
  2.7675000e+003  3.1542236e+000
  2.7700000e+003  3.1269907e+000
  2.7725000e+003  3.2795744e+000
  2.7750000e+003  3.3137932e+000
  2.7775000e+003  3.2255298e+000
  2.7800000e+003  3.1757496e+000
  2.7825000e+003  3.1580437e+000
  2.7850000e+003  3.1881526e+000
  2.7875000e+003  3.2392108e+000
  2.7900000e+003  3.2097803e+000
  2.7925000e+003  3.2631265e+000
  2.7950000e+003  3.4149262e+000
  2.7975000e+003  3.3962505e+000
  2.8000000e+003  3.4981218e+000
  2.8025000e+003  3.7356048e+000
  2.8050000e+003  3.7836490e+000
  2.8075000e+003  3.7263166e+000
  2.8100000e+003  3.6507716e+000
  2.8125000e+003  3.6600199e+000
  2.8150000e+003  3.6325713e+000
  2.8175000e+003  3.4518381e+000
  2.8200000e+003  3.3817879e+000
  2.8225000e+003  3.2553112e+000
  2.8250000e+003  3.1473503e+000
  2.8275000e+003  3.1153794e+000
  2.8300000e+003  3.1599044e+000
  2.8325000e+003  3.1076873e+000
  2.8350000e+003  3.1693326e+000
  2.8375000e+003  3.2677549e+000
  2.8400000e+003  3.3363816e+000
  2.8425000e+003  3.4198483e+000
  2.8450000e+003  3.3763299e+000
  2.8475000e+003  3.5004454e+000
  2.8500000e+003  3.4004599e+000
  2.8525000e+003  3.4232859e+000
  2.8550000e+003  3.4394254e+000
  2.8575000e+003  3.3310116e+000
  2.8600000e+003  3.1928255e+000
  2.8625000e+003  3.2478655e+000
  2.8650000e+003  3.3706253e+000
  2.8675000e+003  3.3087802e+000
  2.8700000e+003  3.3007425e+000
  2.8725000e+003  3.2285715e+000
  2.8750000e+003  3.2258338e+000
  2.8775000e+003  3.4715318e+000
  2.8800000e+003  3.4756910e+000
  2.8825000e+003  3.4524988e+000
  2.8850000e+003  3.4988588e+000
  2.8875000e+003  3.4630952e+000
  2.8900000e+003  3.4864004e+000
  2.8925000e+003  3.3396517e+000
  2.8950000e+003  3.2889315e+000
  2.8975000e+003  3.1424911e+000
  2.9000000e+003  3.2215800e+000
  2.9025000e+003  3.2146538e+000
  2.9050000e+003  3.3170169e+000
  2.9075000e+003  3.2792638e+000
  2.9100000e+003  3.2728297e+000
  2.9125000e+003  3.3003236e+000
  2.9150000e+003  3.4910043e+000
  2.9175000e+003  3.4068078e+000
  2.9200000e+003  3.5100590e+000
  2.9225000e+003  3.4994080e+000
  2.9250000e+003  3.5027777e+000
  2.9275000e+003  3.3262254e+000
  2.9300000e+003  3.4283991e+000
  2.9325000e+003  3.5133120e+000
  2.9350000e+003  3.3143283e+000
  2.9375000e+003  3.1779951e+000
  2.9400000e+003  3.0939158e+000
  2.9425000e+003  2.9512195e+000
  2.9450000e+003  2.9471019e+000
  2.9475000e+003  3.0608807e+000
  2.9500000e+003  2.9344960e+000
  2.9525000e+003  2.9169773e+000
  2.9550000e+003  3.1551320e+000
  2.9575000e+003  3.2289920e+000
  2.9600000e+003  3.0789292e+000
  2.9625000e+003  3.1845972e+000
  2.9650000e+003  3.1623691e+000
  2.9675000e+003  3.3514677e+000
  2.9700000e+003  3.3042545e+000
  2.9725000e+003  3.3275223e+000
  2.9750000e+003  3.4820688e+000
  2.9775000e+003  3.4269792e+000
  2.9800000e+003  3.4491793e+000
  2.9825000e+003  3.2644983e+000
  2.9850000e+003  3.0714431e+000
  2.9875000e+003  3.1506454e+000
  2.9900000e+003  3.1766583e+000
  2.9925000e+003  3.2078833e+000
  2.9950000e+003  3.2012429e+000
  2.9975000e+003  3.2219923e+000
  3.0000000e+003  3.3591878e+000
  3.0050000e+003  3.4413383e+000
  3.0100000e+003  3.4579376e+000
  3.0150000e+003  3.5151188e+000
  3.0200000e+003  3.4907821e+000
  3.0250000e+003  3.3207170e+000
  3.0300000e+003  3.1286472e+000
  3.0350000e+003  3.0901526e+000
  3.0400000e+003  3.2276883e+000
  3.0450000e+003  3.3121116e+000
  3.0500000e+003  3.3275257e+000
  3.0550000e+003  3.1421354e+000
  3.0600000e+003  2.9488356e+000
  3.0650000e+003  3.0468984e+000
  3.0700000e+003  3.0870466e+000
  3.0750000e+003  3.1021103e+000
  3.0800000e+003  3.0857402e+000
  3.0850000e+003  2.9433510e+000
  3.0900000e+003  3.1815958e+000
  3.0950000e+003  3.1824656e+000
  3.1000000e+003  3.0819102e+000
  3.1050000e+003  3.0623676e+000
  3.1100000e+003  3.1264357e+000
  3.1150000e+003  3.2228861e+000
  3.1200000e+003  3.2596898e+000
  3.1250000e+003  3.3368620e+000
  3.1300000e+003  3.3820625e+000
  3.1350000e+003  3.4522036e+000
  3.1400000e+003  3.3759954e+000
  3.1450000e+003  3.3469363e+000
  3.1500000e+003  3.1576144e+000
  3.1550000e+003  2.9498866e+000
  3.1600000e+003  3.0069072e+000
  3.1650000e+003  3.0396238e+000
  3.1700000e+003  3.1404683e+000
  3.1750000e+003  3.1943391e+000
  3.1800000e+003  3.1565070e+000
  3.1850000e+003  3.0786198e+000
  3.1900000e+003  2.9501450e+000
  3.1950000e+003  3.0894194e+000
  3.2000000e+003  3.0172684e+000
  3.2050000e+003  3.0011073e+000
  3.2100000e+003  3.0175964e+000
  3.2150000e+003  3.2006935e+000
  3.2200000e+003  3.1262616e+000
  3.2250000e+003  3.2056707e+000
  3.2300000e+003  3.1250926e+000
  3.2350000e+003  3.2419552e+000
  3.2400000e+003  3.0389163e+000
  3.2450000e+003  3.0381811e+000
  3.2500000e+003  3.0323153e+000
  3.2550000e+003  3.1659641e+000
  3.2600000e+003  3.1558495e+000
  3.2650000e+003  3.3158285e+000
  3.2700000e+003  3.2747709e+000
  3.2750000e+003  3.3345572e+000
  3.2800000e+003  3.2552834e+000
  3.2850000e+003  3.3985501e+000
  3.2900000e+003  3.6542089e+000
  3.2950000e+003  3.7398335e+000
  3.3000000e+003  3.7067401e+000
  3.3050000e+003  3.4190794e+000
  3.3100000e+003  3.3694698e+000
  3.3150000e+003  3.2225278e+000
  3.3200000e+003  3.1042143e+000
  3.3250000e+003  3.2049683e+000
  3.3300000e+003  3.2089160e+000
  3.3350000e+003  3.2498669e+000
  3.3400000e+003  3.4055027e+000
  3.3450000e+003  3.3072714e+000
  3.3500000e+003  3.1801859e+000
  3.3550000e+003  3.2198960e+000
  3.3600000e+003  3.1745210e+000
  3.3650000e+003  3.1091329e+000
  3.3700000e+003  3.1534513e+000
  3.3750000e+003  3.3457669e+000
  3.3800000e+003  3.3455803e+000
  3.3850000e+003  3.2461912e+000
  3.3900000e+003  3.1570370e+000
  3.3950000e+003  3.0787836e+000
  3.4000000e+003  3.1296365e+000
  3.4050000e+003  3.1430382e+000
  3.4100000e+003  3.0826489e+000
  3.4150000e+003  2.9850364e+000
  3.4200000e+003  3.1004424e+000
  3.4250000e+003  3.1970021e+000
  3.4300000e+003  3.1136667e+000
  3.4350000e+003  2.8981361e+000
  3.4400000e+003  2.8983242e+000
  3.4450000e+003  3.0448990e+000
  3.4500000e+003  3.1238495e+000
  3.4550000e+003  3.0335973e+000
  3.4600000e+003  3.0746941e+000
  3.4650000e+003  3.2269631e+000
  3.4700000e+003  3.0859910e+000
  3.4750000e+003  2.9201023e+000
  3.4800000e+003  2.8852715e+000
  3.4850000e+003  3.0002456e+000
  3.4900000e+003  2.9828845e+000
  3.4950000e+003  3.0580876e+000
  3.5000000e+003  2.9322994e+000
  3.5050000e+003  2.9529313e+000
  3.5100000e+003  2.9705883e+000
  3.5150000e+003  3.0375594e+000
  3.5200000e+003  3.1059487e+000
  3.5250000e+003  3.1810704e+000
  3.5300000e+003  3.1396644e+000
  3.5350000e+003  3.0052515e+000
  3.5400000e+003  2.9215599e+000
  3.5450000e+003  3.0056531e+000
  3.5500000e+003  3.1082735e+000
  3.5550000e+003  3.1215331e+000
  3.5600000e+003  3.1367421e+000
  3.5650000e+003  3.0549411e+000
  3.5700000e+003  2.8893019e+000
  3.5750000e+003  2.9417716e+000
  3.5800000e+003  3.1829443e+000
  3.5850000e+003  3.1561520e+000
  3.5900000e+003  3.1501678e+000
  3.5950000e+003  2.9879183e+000
  3.6000000e+003  2.9983331e+000
  3.6050000e+003  3.0917072e+000
  3.6100000e+003  2.9324667e+000
  3.6150000e+003  3.0366619e+000
  3.6200000e+003  3.1993431e+000
  3.6250000e+003  3.3272683e+000
  3.6300000e+003  3.4087370e+000
  3.6350000e+003  3.2877526e+000
  3.6400000e+003  3.0450003e+000
  3.6450000e+003  2.9835776e+000
  3.6500000e+003  2.9583600e+000
  3.6550000e+003  3.1416817e+000
  3.6600000e+003  3.1780652e+000
  3.6650000e+003  3.4022558e+000
  3.6700000e+003  3.4469350e+000
  3.6750000e+003  3.2127719e+000
  3.6800000e+003  3.0482411e+000
  3.6850000e+003  2.9790921e+000
  3.6900000e+003  2.9208308e+000
  3.6950000e+003  3.0159602e+000
  3.7000000e+003  3.0524967e+000
  3.7050000e+003  3.1011868e+000
  3.7100000e+003  3.2845838e+000
  3.7150000e+003  3.2938472e+000
  3.7200000e+003  2.9730369e+000
  3.7250000e+003  2.8312437e+000
  3.7300000e+003  2.9958312e+000
  3.7350000e+003  2.9327318e+000
  3.7400000e+003  2.9644687e+000
  3.7450000e+003  3.1994305e+000
  3.7500000e+003  3.0818767e+000
  3.7550000e+003  2.9770026e+000
  3.7600000e+003  2.9304393e+000
  3.7650000e+003  2.8873234e+000
  3.7700000e+003  3.0876806e+000
  3.7750000e+003  3.0768565e+000
  3.7800000e+003  3.0511152e+000
  3.7850000e+003  2.9726213e+000
  3.7900000e+003  3.0571481e+000
  3.7950000e+003  3.2103251e+000
  3.8000000e+003  3.0017195e+000
  3.8050000e+003  3.1023308e+000
  3.8100000e+003  3.0454534e+000
  3.8150000e+003  3.0027024e+000
  3.8200000e+003  2.9909891e+000
  3.8250000e+003  3.2243178e+000
  3.8300000e+003  3.2607410e+000
  3.8350000e+003  3.0526606e+000
  3.8400000e+003  2.8565911e+000
  3.8450000e+003  2.8757261e+000
  3.8500000e+003  2.9046167e+000
  3.8550000e+003  2.8928410e+000
  3.8600000e+003  2.8888449e+000
  3.8650000e+003  3.1682455e+000
  3.8700000e+003  3.1554082e+000
  3.8750000e+003  3.2467820e+000
  3.8800000e+003  3.0081802e+000
  3.8850000e+003  2.9537010e+000
  3.8900000e+003  2.8897589e+000
  3.8950000e+003  3.0577238e+000
  3.9000000e+003  2.9247660e+000
  3.9050000e+003  2.9235858e+000
  3.9100000e+003  2.8689791e+000
  3.9150000e+003  3.0676367e+000
  3.9200000e+003  3.0813771e+000
  3.9250000e+003  2.9060830e+000
  3.9300000e+003  2.8912576e+000
  3.9350000e+003  2.8313801e+000
  3.9400000e+003  2.9671942e+000
  3.9450000e+003  3.0359929e+000
  3.9500000e+003  3.0163785e+000
  3.9550000e+003  2.9017953e+000
  3.9600000e+003  2.8895946e+000
  3.9650000e+003  2.9413707e+000
  3.9700000e+003  3.0059870e+000
  3.9750000e+003  3.0076184e+000
  3.9800000e+003  3.0550550e+000
  3.9850000e+003  3.0581535e+000
  3.9900000e+003  3.2421777e+000
  3.9950000e+003  3.2962525e+000
  4.0000000e+003  3.2321269e+000
  4.0050000e+003  3.1618524e+000
  4.0100000e+003  2.9642473e+000
  4.0150000e+003  2.9491877e+000
  4.0200000e+003  3.0672781e+000
  4.0250000e+003  3.0182935e+000
  4.0300000e+003  3.1154870e+000
  4.0350000e+003  3.1688208e+000
  4.0400000e+003  3.2033852e+000
  4.0450000e+003  3.1649870e+000
  4.0500000e+003  3.0604120e+000
  4.0550000e+003  3.0573388e+000
  4.0600000e+003  3.0981210e+000
  4.0650000e+003  3.0116156e+000
  4.0700000e+003  3.0844227e+000
  4.0750000e+003  3.0238479e+000
  4.0800000e+003  3.0148763e+000
  4.0850000e+003  3.0319026e+000
  4.0900000e+003  3.0718761e+000
  4.0950000e+003  3.0741541e+000
  4.1000000e+003  2.8700896e+000
  4.1050000e+003  2.8826981e+000
  4.1100000e+003  2.8738872e+000
  4.1150000e+003  2.9144322e+000
  4.1200000e+003  2.9420338e+000
  4.1250000e+003  2.9964040e+000
  4.1300000e+003  2.8223725e+000
  4.1350000e+003  2.9766799e+000
  4.1400000e+003  2.9177739e+000
  4.1450000e+003  2.9776104e+000
  4.1500000e+003  3.1116222e+000
  4.1550000e+003  3.1641647e+000
  4.1600000e+003  3.1116461e+000
  4.1650000e+003  3.0001171e+000
  4.1700000e+003  3.0633406e+000
  4.1750000e+003  2.9939854e+000
  4.1800000e+003  2.8729891e+000
  4.1850000e+003  2.8553178e+000
  4.1900000e+003  2.9465955e+000
  4.1950000e+003  3.0407085e+000
  4.2000000e+003  3.1056391e+000
  4.2050000e+003  3.0421408e+000
  4.2100000e+003  2.9990495e+000
  4.2150000e+003  2.8461818e+000
  4.2200000e+003  2.9978707e+000
  4.2250000e+003  2.9841747e+000
  4.2300000e+003  2.9125196e+000
  4.2350000e+003  3.0312883e+000
  4.2400000e+003  3.0313329e+000
  4.2450000e+003  3.0642372e+000
  4.2500000e+003  2.9927878e+000
  4.2550000e+003  3.0969031e+000
  4.2600000e+003  2.9519531e+000
  4.2650000e+003  2.9583462e+000
  4.2700000e+003  2.8793573e+000
  4.2750000e+003  3.0609533e+000
  4.2800000e+003  2.8964655e+000
  4.2850000e+003  2.9476290e+000
  4.2900000e+003  3.0160720e+000
  4.2950000e+003  3.0295548e+000
  4.3000000e+003  3.0351350e+000
  4.3050000e+003  2.8760786e+000
  4.3100000e+003  2.8599960e+000
  4.3150000e+003  2.8545418e+000
  4.3200000e+003  2.8442618e+000
  4.3250000e+003  2.8273220e+000
  4.3300000e+003  3.0013249e+000
  4.3350000e+003  2.8534513e+000
  4.3400000e+003  2.7289004e+000
  4.3450000e+003  2.8721667e+000
  4.3500000e+003  2.8407134e+000
  4.3550000e+003  2.8886288e+000
  4.3600000e+003  3.0255313e+000
  4.3650000e+003  3.0742888e+000
  4.3700000e+003  2.9549889e+000
  4.3750000e+003  2.8943131e+000
  4.3800000e+003  2.9814389e+000
  4.3850000e+003  2.7573840e+000
  4.3900000e+003  2.8296103e+000
  4.3950000e+003  2.9364582e+000
  4.4000000e+003  2.9851406e+000
  4.4050000e+003  3.0837694e+000
  4.4100000e+003  3.0253625e+000
  4.4150000e+003  3.1274543e+000
  4.4200000e+003  2.9716899e+000
  4.4250000e+003  2.9408637e+000
  4.4300000e+003  2.8814967e+000
  4.4350000e+003  2.9176922e+000
  4.4400000e+003  2.8784089e+000
  4.4450000e+003  2.9033304e+000
  4.4500000e+003  3.0272477e+000
  4.4550000e+003  2.9491775e+000
  4.4600000e+003  2.8527006e+000
  4.4650000e+003  2.8484622e+000
  4.4700000e+003  2.8685536e+000
  4.4750000e+003  2.8603809e+000
  4.4800000e+003  2.9535778e+000
  4.4850000e+003  2.9172236e+000
  4.4900000e+003  3.0996946e+000
  4.4950000e+003  3.1011197e+000
  4.5000000e+003  3.1199802e+000
  4.5050000e+003  3.0660026e+000
  4.5100000e+003  2.9268209e+000
  4.5150000e+003  2.9918232e+000
  4.5200000e+003  2.7861583e+000
  4.5250000e+003  3.0119947e+000
  4.5300000e+003  3.0439186e+000
  4.5350000e+003  3.0935868e+000
  4.5400000e+003  2.8685251e+000
  4.5450000e+003  2.8123183e+000
  4.5500000e+003  2.8818374e+000
  4.5550000e+003  2.9026064e+000
  4.5600000e+003  3.0199966e+000
  4.5650000e+003  2.9309990e+000
  4.5700000e+003  2.9798635e+000
  4.5750000e+003  3.1637436e+000
  4.5800000e+003  3.1098964e+000
  4.5850000e+003  3.1020199e+000
  4.5900000e+003  2.9969938e+000
  4.5950000e+003  3.0031021e+000
  4.6000000e+003  2.9797935e+000
  4.6050000e+003  3.0862362e+000
  4.6100000e+003  3.1449131e+000
  4.6150000e+003  3.0508800e+000
  4.6200000e+003  3.0436708e+000
  4.6250000e+003  3.0102404e+000
  4.6300000e+003  3.0194820e+000
  4.6350000e+003  2.9488677e+000
  4.6400000e+003  2.9467389e+000
  4.6450000e+003  2.9348276e+000
  4.6500000e+003  3.0885276e+000
  4.6550000e+003  3.1259215e+000
  4.6600000e+003  2.8838013e+000
  4.6650000e+003  2.9729998e+000
  4.6700000e+003  2.8587391e+000
  4.6750000e+003  2.9201068e+000
  4.6800000e+003  2.8612947e+000
  4.6850000e+003  3.0558939e+000
  4.6900000e+003  3.1730018e+000
  4.6950000e+003  3.0825831e+000
  4.7000000e+003  3.1266756e+000
  4.7050000e+003  2.9672971e+000
  4.7100000e+003  2.9232107e+000
  4.7150000e+003  3.0341750e+000
  4.7200000e+003  2.9453835e+000
  4.7250000e+003  3.1317804e+000
  4.7300000e+003  3.1391516e+000
  4.7350000e+003  3.0902809e+000
  4.7400000e+003  2.9059235e+000
  4.7450000e+003  2.9631013e+000
  4.7500000e+003  3.0389482e+000
  4.7550000e+003  2.8594963e+000
  4.7600000e+003  2.9215813e+000
  4.7650000e+003  2.9987512e+000
  4.7700000e+003  3.2026918e+000
  4.7750000e+003  3.1676147e+000
  4.7800000e+003  3.0031578e+000
  4.7850000e+003  2.9852306e+000
  4.7900000e+003  2.9270254e+000
  4.7950000e+003  2.9570877e+000
  4.8000000e+003  2.9935598e+000
  4.8050000e+003  2.9943023e+000
  4.8100000e+003  3.1486420e+000
  4.8150000e+003  3.1531381e+000
  4.8200000e+003  3.0332141e+000
  4.8250000e+003  2.8304873e+000
  4.8300000e+003  2.8514313e+000
  4.8350000e+003  2.9557097e+000
  4.8400000e+003  3.0385997e+000
  4.8450000e+003  3.2369383e+000
  4.8500000e+003  3.3045526e+000
  4.8550000e+003  3.0797131e+000
  4.8600000e+003  3.0627954e+000
  4.8650000e+003  2.9777059e+000
  4.8700000e+003  2.8756189e+000
  4.8750000e+003  2.8612092e+000
  4.8800000e+003  2.9092015e+000
  4.8850000e+003  3.1767242e+000
  4.8900000e+003  3.2683873e+000
  4.8950000e+003  3.2989054e+000
  4.9000000e+003  3.1529981e+000
  4.9050000e+003  3.0291338e+000
  4.9100000e+003  2.8542102e+000
  4.9150000e+003  2.8513283e+000
  4.9200000e+003  2.9586173e+000
  4.9250000e+003  2.7709827e+000
  4.9300000e+003  2.9129894e+000
  4.9350000e+003  3.0322303e+000
  4.9400000e+003  3.0700694e+000
  4.9450000e+003  3.0262991e+000
  4.9500000e+003  3.0466247e+000
  4.9550000e+003  2.8392513e+000
  4.9600000e+003  2.8589969e+000
  4.9650000e+003  2.9077573e+000
  4.9700000e+003  2.9282274e+000
  4.9750000e+003  2.9445703e+000
  4.9800000e+003  3.1660118e+000
  4.9850000e+003  2.9494453e+000
  4.9900000e+003  2.7412109e+000
  4.9950000e+003  2.8468990e+000
  5.0000000e+003  2.7943357e+000
  5.0050000e+003  2.9512491e+000
  5.0100000e+003  2.9428904e+000
  5.0150000e+003  2.8670904e+000
  5.0200000e+003  2.7405561e+000
  5.0250000e+003  2.7420037e+000
  5.0300000e+003  2.7704332e+000
  5.0350000e+003  2.7904921e+000
  5.0400000e+003  3.0578670e+000
  5.0450000e+003  3.1743440e+000
  5.0500000e+003  3.0398718e+000
  5.0550000e+003  3.0585153e+000
  5.0600000e+003  2.8483423e+000
  5.0650000e+003  2.8966177e+000
  5.0700000e+003  2.9280311e+000
  5.0750000e+003  2.6875361e+000
  5.0800000e+003  2.7760421e+000
  5.0850000e+003  2.8080305e+000
  5.0900000e+003  2.6600900e+000
  5.0950000e+003  2.8833080e+000
  5.1000000e+003  3.0025346e+000
  5.1050000e+003  3.0440161e+000
  5.1100000e+003  2.9166837e+000
  5.1150000e+003  2.8637181e+000
  5.1200000e+003  2.7967010e+000
  5.1250000e+003  2.7200985e+000
  5.1300000e+003  2.6780403e+000
  5.1350000e+003  2.6530442e+000
  5.1400000e+003  2.9425626e+000
  5.1450000e+003  2.8973730e+000
  5.1500000e+003  2.8918740e+000
  5.1550000e+003  2.9114394e+000
  5.1600000e+003  2.8150381e+000
  5.1650000e+003  2.9458271e+000
  5.1700000e+003  3.0210131e+000
  5.1750000e+003  3.2100185e+000
  5.1800000e+003  3.1085005e+000
  5.1850000e+003  3.0200104e+000
  5.1900000e+003  2.9984311e+000
  5.1950000e+003  2.8240647e+000
  5.2000000e+003  2.8594528e+000
  5.2050000e+003  3.0000267e+000
  5.2100000e+003  2.9602512e+000
  5.2150000e+003  2.8663825e+000
  5.2200000e+003  2.8406948e+000
  5.2250000e+003  2.9330299e+000
  5.2300000e+003  2.9753299e+000
  5.2350000e+003  2.7688975e+000
  5.2400000e+003  2.9244382e+000
  5.2450000e+003  2.9734352e+000
  5.2500000e+003  3.0559808e+000
  5.2550000e+003  3.0883737e+000
  5.2600000e+003  3.0084672e+000
  5.2650000e+003  2.9757480e+000
  5.2700000e+003  2.8024159e+000
  5.2750000e+003  2.8944619e+000
  5.2800000e+003  2.8877061e+000
  5.2850000e+003  2.8031280e+000
  5.2900000e+003  2.9175248e+000
  5.2950000e+003  2.9732042e+000
  5.3000000e+003  2.9076371e+000
  5.3050000e+003  2.7941528e+000
  5.3100000e+003  2.7904087e+000
  5.3150000e+003  2.8418764e+000
  5.3200000e+003  2.9050486e+000
  5.3250000e+003  2.6910408e+000
