  0.0000000e+000  2.5880349e+000
  1.0000000e+000  2.5878482e+000
  2.0000000e+000  2.5390140e+000
  3.0000000e+000  2.6464692e+000
  4.0000000e+000  2.6554928e+000
  5.0000000e+000  2.6244639e+000
  6.0000000e+000  2.6931652e+000
  7.0000000e+000  2.7270896e+000
  8.0000000e+000  2.7795417e+000
  9.0000000e+000  2.7446046e+000
  1.0000000e+001  2.8833603e+000
  1.1000000e+001  2.9633799e+000
  1.2000000e+001  3.2837401e+000
  1.3000000e+001  3.4153808e+000
  1.4000000e+001  3.6406785e+000
  1.5000000e+001  3.8546740e+000
  1.6000000e+001  4.1107883e+000
  1.7000000e+001  4.2412884e+000
  1.8000000e+001  4.3840084e+000
  1.9000000e+001  4.3162915e+000
  2.0000000e+001  4.3519030e+000
  2.1000000e+001  4.2745618e+000
  2.2000000e+001  4.2427660e+000
  2.3000000e+001  4.2188092e+000
  2.4000000e+001  4.1710937e+000
  2.5000000e+001  4.1786982e+000
  2.6000000e+001  4.0334376e+000
  2.7000000e+001  4.1088788e+000
  2.8000000e+001  4.1132745e+000
  2.9000000e+001  4.0913400e+000
  3.0000000e+001  3.9771217e+000
  3.1000000e+001  3.9837914e+000
  3.2000000e+001  3.9586361e+000
  3.3000000e+001  3.9389763e+000
  3.4000000e+001  3.9460736e+000
  3.5000000e+001  3.8988101e+000
  3.6000000e+001  3.8142930e+000
  3.7000000e+001  3.8161814e+000
  3.8000000e+001  3.7737804e+000
  3.9000000e+001  3.9145726e+000
  4.0000000e+001  3.9082584e+000
  4.1000000e+001  3.8744482e+000
  4.2000000e+001  3.8635085e+000
  4.3000000e+001  3.8229405e+000
  4.4000000e+001  3.8382246e+000
  4.5000000e+001  3.6886110e+000
  4.6000000e+001  3.7230788e+000
  4.7000000e+001  3.7412215e+000
  4.8000000e+001  3.8051049e+000
  4.9000000e+001  3.8219336e+000
  5.0000000e+001  3.7032545e+000
  5.1000000e+001  3.6935836e+000
  5.2000000e+001  3.6693702e+000
  5.3000000e+001  3.7964835e+000
  5.4000000e+001  3.7355909e+000
  5.5000000e+001  3.6668797e+000
  5.6000000e+001  3.7142805e+000
  5.7000000e+001  3.7873701e+000
  5.8000000e+001  3.8492881e+000
  5.9000000e+001  3.7873070e+000
  6.0000000e+001  3.9586705e+000
  6.1000000e+001  3.8727006e+000
  6.2000000e+001  3.9643935e+000
  6.3000000e+001  3.8912568e+000
  6.4000000e+001  3.7167556e+000
  6.5000000e+001  3.8406144e+000
  6.6000000e+001  3.9265783e+000
  6.7000000e+001  3.7989801e+000
  6.8000000e+001  3.7789193e+000
  6.9000000e+001  3.8279282e+000
  7.0000000e+001  3.6793444e+000
  7.1000000e+001  3.5846439e+000
  7.2000000e+001  3.5745965e+000
  7.3000000e+001  3.5891499e+000
  7.4000000e+001  3.3877266e+000
  7.5000000e+001  3.3126802e+000
  7.6000000e+001  3.4235863e+000
  7.7000000e+001  3.4374792e+000
  7.8000000e+001  3.4147391e+000
  7.9000000e+001  3.4109412e+000
  8.0000000e+001  3.2605117e+000
  8.1000000e+001  3.1836422e+000
  8.2000000e+001  3.1616986e+000
  8.3000000e+001  3.1879002e+000
  8.4000000e+001  3.1830867e+000
  8.5000000e+001  3.3134270e+000
  8.6000000e+001  3.4192054e+000
  8.7000000e+001  3.5401418e+000
  8.8000000e+001  3.4670631e+000
  8.9000000e+001  3.4370617e+000
  9.0000000e+001  3.4205550e+000
  9.1000000e+001  3.3932410e+000
  9.2000000e+001  3.3420767e+000
  9.3000000e+001  3.2644984e+000
  9.4000000e+001  3.2030009e+000
  9.5000000e+001  3.1260464e+000
  9.6000000e+001  3.1122145e+000
  9.7000000e+001  3.1921520e+000
  9.8000000e+001  3.2602584e+000
  9.9000000e+001  3.1408133e+000
  1.0000000e+002  3.1672386e+000
  1.0100000e+002  3.2753926e+000
  1.0200000e+002  3.2155533e+000
  1.0300000e+002  3.2357594e+000
  1.0400000e+002  3.2810528e+000
  1.0500000e+002  3.2092512e+000
  1.0600000e+002  3.3631243e+000
  1.0700000e+002  3.4042716e+000
  1.0800000e+002  3.4716413e+000
  1.0900000e+002  3.4820513e+000
  1.1000000e+002  3.3975392e+000
  1.1100000e+002  3.3848694e+000
  1.1200000e+002  3.3868283e+000
  1.1300000e+002  3.2945566e+000
  1.1400000e+002  3.1729789e+000
  1.1500000e+002  3.0688550e+000
  1.1600000e+002  2.9375333e+000
  1.1700000e+002  2.8988189e+000
  1.1800000e+002  2.8026373e+000
  1.1900000e+002  2.6575719e+000
  1.2000000e+002  2.6334607e+000
  1.2100000e+002  2.6161481e+000
  1.2200000e+002  2.5420249e+000
  1.2300000e+002  2.4608445e+000
  1.2400000e+002  2.6319638e+000
  1.2500000e+002  2.5014164e+000
  1.2600000e+002  2.5168740e+000
  1.2700000e+002  2.7314567e+000
  1.2800000e+002  3.0739611e+000
  1.2900000e+002  3.2634337e+000
  1.3000000e+002  3.0332329e+000
  1.3100000e+002  3.1680059e+000
  1.3200000e+002  3.5640155e+000
  1.3300000e+002  3.7684715e+000
  1.3400000e+002  4.0619630e+000
  1.3500000e+002  4.2189970e+000
  1.3600000e+002  4.1778758e+000
  1.3700000e+002  4.1563974e+000
  1.3800000e+002  4.2515467e+000
  1.3900000e+002  4.2272229e+000
  1.4000000e+002  4.3380155e+000
  1.4100000e+002  4.1729461e+000
  1.4200000e+002  4.1089552e+000
  1.4300000e+002  4.1440003e+000
  1.4400000e+002  4.1837384e+000
  1.4500000e+002  4.1045904e+000
  1.4600000e+002  4.1312026e+000
  1.4700000e+002  4.1755507e+000
  1.4800000e+002  4.0663677e+000
  1.4900000e+002  4.1102140e+000
  1.5000000e+002  4.1068823e+000
  1.5100000e+002  4.0234651e+000
  1.5200000e+002  3.9967354e+000
  1.5300000e+002  3.9833804e+000
  1.5400000e+002  4.0151362e+000
  1.5500000e+002  3.8747977e+000
  1.5600000e+002  4.1392709e+000
  1.5700000e+002  4.1013158e+000
  1.5800000e+002  4.0547428e+000
  1.5900000e+002  4.0207524e+000
  1.6000000e+002  4.0456006e+000
  1.6100000e+002  4.0120214e+000
  1.6200000e+002  4.0180360e+000
  1.6300000e+002  4.0580959e+000
  1.6400000e+002  4.0419466e+000
  1.6500000e+002  4.0385557e+000
  1.6600000e+002  3.8381460e+000
  1.6700000e+002  3.7663030e+000
  1.6800000e+002  3.8423481e+000
  1.6900000e+002  3.8552320e+000
  1.7000000e+002  3.8628871e+000
  1.7100000e+002  3.8931475e+000
  1.7200000e+002  3.8166931e+000
  1.7300000e+002  3.7374064e+000
  1.7400000e+002  3.6393295e+000
  1.7500000e+002  3.6839964e+000
  1.7600000e+002  3.7528540e+000
  1.7700000e+002  3.8238821e+000
  1.7800000e+002  3.7974617e+000
  1.7900000e+002  3.8415259e+000
  1.8000000e+002  3.7509610e+000
  1.8100000e+002  3.8164466e+000
  1.8200000e+002  3.8432408e+000
  1.8300000e+002  3.7271818e+000
  1.8400000e+002  3.7593219e+000
  1.8500000e+002  3.9453159e+000
  1.8600000e+002  3.8337924e+000
  1.8700000e+002  3.7623973e+000
  1.8800000e+002  3.8235497e+000
  1.8900000e+002  3.7491358e+000
  1.9000000e+002  3.6417026e+000
  1.9100000e+002  3.4905545e+000
  1.9200000e+002  3.1247511e+000
  1.9300000e+002  3.2807547e+000
  1.9400000e+002  3.2024846e+000
  1.9500000e+002  3.2653268e+000
  1.9600000e+002  3.1827051e+000
  1.9700000e+002  3.1007658e+000
  1.9800000e+002  3.1825134e+000
  1.9900000e+002  2.9322562e+000
  2.0000000e+002  2.8898049e+000
  2.0100000e+002  2.8893120e+000
  2.0200000e+002  2.9860607e+000
  2.0300000e+002  2.9682669e+000
  2.0400000e+002  3.1429650e+000
  2.0500000e+002  3.1846731e+000
  2.0600000e+002  3.1276857e+000
  2.0700000e+002  3.1449382e+000
  2.0800000e+002  3.0742065e+000
  2.0900000e+002  2.9991848e+000
  2.1000000e+002  2.9348271e+000
  2.1100000e+002  2.9602025e+000
  2.1200000e+002  2.9716651e+000
  2.1300000e+002  3.0132641e+000
  2.1400000e+002  2.9188786e+000
  2.1500000e+002  2.9025441e+000
  2.1600000e+002  2.8903519e+000
  2.1700000e+002  2.8437549e+000
  2.1800000e+002  3.0763485e+000
  2.1900000e+002  3.2981149e+000
  2.2000000e+002  3.3430419e+000
  2.2100000e+002  3.5935328e+000
  2.2200000e+002  3.7365740e+000
  2.2300000e+002  3.8013911e+000
  2.2400000e+002  3.7469031e+000
  2.2500000e+002  3.6445916e+000
  2.2600000e+002  3.6512486e+000
  2.2700000e+002  3.5509009e+000
  2.2800000e+002  3.5470335e+000
  2.2900000e+002  3.3825686e+000
  2.3000000e+002  3.6595442e+000
  2.3100000e+002  3.5773974e+000
  2.3200000e+002  3.5322487e+000
  2.3300000e+002  3.3314588e+000
  2.3400000e+002  3.2006237e+000
  2.3500000e+002  3.0745838e+000
  2.3600000e+002  3.0166485e+000
  2.3700000e+002  2.8278565e+000
  2.3800000e+002  2.8716674e+000
  2.3900000e+002  2.8001575e+000
  2.4000000e+002  2.8026674e+000
  2.4100000e+002  2.9012839e+000
  2.4200000e+002  3.0377711e+000
  2.4300000e+002  3.1375543e+000
  2.4400000e+002  3.4139726e+000
  2.4500000e+002  3.5261411e+000
  2.4600000e+002  3.7385384e+000
  2.4700000e+002  3.6662477e+000
  2.4800000e+002  3.7412649e+000
  2.4900000e+002  3.7193882e+000
  2.5000000e+002  3.8585085e+000
  2.5100000e+002  3.9369440e+000
  2.5200000e+002  3.9855056e+000
  2.5300000e+002  3.8802016e+000
  2.5400000e+002  3.9329995e+000
  2.5500000e+002  3.7260420e+000
  2.5600000e+002  3.7881243e+000
  2.5700000e+002  3.9144787e+000
  2.5800000e+002  3.8689236e+000
  2.5900000e+002  3.8782593e+000
  2.6000000e+002  3.8243592e+000
  2.6100000e+002  3.8757594e+000
  2.6200000e+002  3.8124495e+000
  2.6300000e+002  3.8180724e+000
  2.6400000e+002  3.7787348e+000
  2.6500000e+002  3.8005637e+000
  2.6600000e+002  3.8622150e+000
  2.6700000e+002  3.8630245e+000
  2.6800000e+002  3.6889307e+000
  2.6900000e+002  3.8817366e+000
  2.7000000e+002  3.8719210e+000
  2.7100000e+002  3.8616147e+000
  2.7200000e+002  3.7980636e+000
  2.7300000e+002  3.7956998e+000
  2.7400000e+002  3.7419849e+000
  2.7500000e+002  3.7390694e+000
  2.7600000e+002  3.6625021e+000
  2.7700000e+002  3.8018308e+000
  2.7800000e+002  3.6671893e+000
  2.7900000e+002  3.5933528e+000
  2.8000000e+002  3.5029241e+000
  2.8100000e+002  3.5709778e+000
  2.8200000e+002  3.3419242e+000
  2.8300000e+002  3.2345875e+000
  2.8400000e+002  3.2192371e+000
  2.8500000e+002  3.2014927e+000
  2.8600000e+002  3.1827866e+000
  2.8700000e+002  3.2485983e+000
  2.8800000e+002  3.3796692e+000
  2.8900000e+002  3.4231122e+000
  2.9000000e+002  3.4579398e+000
  2.9100000e+002  3.4724320e+000
  2.9200000e+002  3.6257706e+000
  2.9300000e+002  3.5782999e+000
  2.9400000e+002  3.6919596e+000
  2.9500000e+002  3.6706463e+000
  2.9600000e+002  3.5898307e+000
  2.9700000e+002  3.6572924e+000
  2.9800000e+002  3.5339888e+000
  2.9900000e+002  3.5883305e+000
  3.0000000e+002  3.3783557e+000
  3.0100000e+002  3.4203100e+000
  3.0200000e+002  3.4231699e+000
  3.0300000e+002  3.3575254e+000
  3.0400000e+002  3.4279825e+000
  3.0500000e+002  3.4333684e+000
  3.0600000e+002  3.4104910e+000
  3.0700000e+002  3.3579389e+000
  3.0800000e+002  3.2092764e+000
  3.0900000e+002  3.2225074e+000
  3.1000000e+002  3.1594950e+000
  3.1100000e+002  3.0557394e+000
  3.1200000e+002  3.1468099e+000
  3.1300000e+002  3.0525567e+000
  3.1400000e+002  3.1298144e+000
  3.1500000e+002  2.9774502e+000
  3.1600000e+002  3.0529760e+000
  3.1700000e+002  3.2486250e+000
  3.1800000e+002  3.1176900e+000
  3.1900000e+002  2.9365410e+000
  3.2000000e+002  3.0237668e+000
  3.2100000e+002  2.8882766e+000
  3.2200000e+002  2.8865670e+000
  3.2300000e+002  2.8304498e+000
  3.2400000e+002  2.5737625e+000
  3.2500000e+002  2.6690214e+000
  3.2600000e+002  2.5922155e+000
  3.2700000e+002  2.5799625e+000
  3.2800000e+002  2.5938462e+000
  3.2900000e+002  2.5523419e+000
  3.3000000e+002  2.6569002e+000
  3.3100000e+002  2.6474288e+000
  3.3200000e+002  2.7524945e+000
  3.3300000e+002  2.7416667e+000
  3.3400000e+002  2.8695629e+000
  3.3500000e+002  3.1073968e+000
  3.3600000e+002  3.4395789e+000
  3.3700000e+002  3.5909007e+000
  3.3800000e+002  3.5347501e+000
  3.3900000e+002  3.7791560e+000
  3.4000000e+002  3.9574378e+000
  3.4100000e+002  4.1995861e+000
  3.4200000e+002  4.1865025e+000
  3.4300000e+002  4.1622522e+000
  3.4400000e+002  4.1160004e+000
  3.4500000e+002  4.1516759e+000
  3.4600000e+002  4.0392853e+000
  3.4700000e+002  3.8852961e+000
  3.4800000e+002  3.8453395e+000
  3.4900000e+002  3.9759988e+000
  3.5000000e+002  4.0291452e+000
  3.5100000e+002  4.0029643e+000
  3.5200000e+002  3.8331868e+000
  3.5300000e+002  3.8312751e+000
  3.5400000e+002  3.7574490e+000
  3.5500000e+002  3.9457993e+000
  3.5600000e+002  3.8164849e+000
  3.5700000e+002  3.9095288e+000
  3.5800000e+002  3.9354714e+000
  3.5900000e+002  3.8495526e+000
  3.6000000e+002  3.8954768e+000
  3.6100000e+002  3.8554374e+000
  3.6200000e+002  3.8559817e+000
  3.6300000e+002  3.8876802e+000
  3.6400000e+002  3.7161717e+000
  3.6500000e+002  3.8188932e+000
  3.6600000e+002  3.6829099e+000
  3.6700000e+002  3.7307598e+000
  3.6800000e+002  3.7585724e+000
  3.6900000e+002  3.7388429e+000
  3.7000000e+002  3.7199063e+000
  3.7100000e+002  3.6313110e+000
  3.7200000e+002  3.7834245e+000
  3.7300000e+002  3.6469991e+000
  3.7400000e+002  3.6975628e+000
  3.7500000e+002  3.5558277e+000
  3.7600000e+002  3.5704319e+000
  3.7700000e+002  3.5575537e+000
  3.7800000e+002  3.5452090e+000
  3.7900000e+002  3.5334367e+000
  3.8000000e+002  3.5536003e+000
  3.8100000e+002  3.5115898e+000
  3.8200000e+002  3.4087333e+000
  3.8300000e+002  3.4773615e+000
  3.8400000e+002  3.4432729e+000
  3.8500000e+002  3.4984493e+000
  3.8600000e+002  3.3767291e+000
  3.8700000e+002  3.3494988e+000
  3.8800000e+002  3.2788954e+000
  3.8900000e+002  3.2481344e+000
  3.9000000e+002  3.3215536e+000
  3.9100000e+002  3.3566287e+000
  3.9200000e+002  3.3276554e+000
  3.9300000e+002  3.2168946e+000
  3.9400000e+002  3.2788034e+000
  3.9500000e+002  3.1194802e+000
  3.9600000e+002  3.0750908e+000
  3.9700000e+002  2.8254004e+000
  3.9800000e+002  2.9049904e+000
  3.9900000e+002  2.8396844e+000
  4.0000000e+002  2.6776618e+000
  4.0100000e+002  2.5551438e+000
  4.0200000e+002  2.5284803e+000
  4.0300000e+002  2.5140088e+000
  4.0400000e+002  2.5591286e+000
  4.0500000e+002  2.4738185e+000
  4.0600000e+002  2.5525376e+000
  4.0700000e+002  2.5712281e+000
  4.0800000e+002  2.5290325e+000
  4.0900000e+002  2.5781748e+000
  4.1000000e+002  2.5101492e+000
  4.1100000e+002  2.6461704e+000
  4.1200000e+002  2.6670388e+000
  4.1300000e+002  2.7441777e+000
  4.1400000e+002  2.7748409e+000
  4.1500000e+002  2.7739396e+000
  4.1600000e+002  2.8650315e+000
  4.1700000e+002  2.9322133e+000
  4.1800000e+002  3.1075558e+000
  4.1900000e+002  3.1664325e+000
  4.2000000e+002  3.1309736e+000
  4.2100000e+002  3.2070707e+000
  4.2200000e+002  3.3032118e+000
  4.2300000e+002  3.3814425e+000
  4.2400000e+002  3.2806051e+000
  4.2500000e+002  3.6638628e+000
  4.2600000e+002  3.8635283e+000
  4.2700000e+002  3.6638248e+000
  4.2800000e+002  4.0824127e+000
  4.2900000e+002  4.2745073e+000
  4.3000000e+002  4.3401257e+000
  4.3100000e+002  4.4112569e+000
  4.3200000e+002  4.4112027e+000
  4.3300000e+002  4.4379650e+000
  4.3400000e+002  4.4357544e+000
  4.3500000e+002  4.3793059e+000
  4.3600000e+002  4.4342588e+000
  4.3700000e+002  4.2575655e+000
  4.3800000e+002  4.1528206e+000
  4.3900000e+002  4.2347262e+000
  4.4000000e+002  4.1247625e+000
  4.4100000e+002  4.3088588e+000
  4.4200000e+002  4.3228107e+000
  4.4300000e+002  4.2658582e+000
  4.4400000e+002  4.1841317e+000
  4.4500000e+002  4.2734086e+000
  4.4600000e+002  4.1825429e+000
  4.4700000e+002  3.8657419e+000
  4.4800000e+002  4.1252832e+000
  4.4900000e+002  4.0853578e+000
  4.5000000e+002  4.1092564e+000
  4.5100000e+002  3.9417655e+000
  4.5200000e+002  4.0937262e+000
  4.5300000e+002  3.9193677e+000
  4.5400000e+002  3.9568896e+000
  4.5500000e+002  3.7725640e+000
  4.5600000e+002  3.9825974e+000
  4.5700000e+002  3.9881654e+000
  4.5800000e+002  3.9070189e+000
  4.5900000e+002  3.9859930e+000
  4.6000000e+002  3.9210999e+000
  4.6100000e+002  3.9462330e+000
  4.6200000e+002  3.9716287e+000
  4.6300000e+002  3.9735272e+000
  4.6400000e+002  3.7960691e+000
  4.6500000e+002  3.9323549e+000
  4.6600000e+002  3.8229467e+000
  4.6700000e+002  3.8009022e+000
  4.6800000e+002  3.7363065e+000
  4.6900000e+002  3.8713079e+000
  4.7000000e+002  3.6919051e+000
  4.7100000e+002  3.6090825e+000
  4.7200000e+002  3.6786083e+000
  4.7300000e+002  3.7240521e+000
  4.7400000e+002  3.7479961e+000
  4.7500000e+002  3.7055648e+000
  4.7600000e+002  3.6556971e+000
  4.7700000e+002  3.6291318e+000
  4.7800000e+002  3.5816596e+000
  4.7900000e+002  3.4781734e+000
  4.8000000e+002  3.4800600e+000
  4.8100000e+002  3.5324612e+000
  4.8200000e+002  3.3669563e+000
  4.8300000e+002  3.3336098e+000
  4.8400000e+002  3.1484086e+000
  4.8500000e+002  3.1723786e+000
  4.8600000e+002  3.1173830e+000
  4.8700000e+002  3.0768378e+000
  4.8800000e+002  3.0328117e+000
  4.8900000e+002  2.9620153e+000
  4.9000000e+002  2.8976334e+000
  4.9100000e+002  2.8276929e+000
  4.9200000e+002  2.9940905e+000
  4.9300000e+002  3.0847969e+000
  4.9400000e+002  3.1912644e+000
  4.9500000e+002  3.1902563e+000
  4.9600000e+002  3.1940285e+000
  4.9700000e+002  3.0395062e+000
  4.9800000e+002  3.1754799e+000
  4.9900000e+002  3.1060230e+000
  5.0000000e+002  3.1966765e+000
  5.0100000e+002  3.1447895e+000
  5.0200000e+002  3.1133030e+000
  5.0300000e+002  3.1690835e+000
  5.0400000e+002  3.2662186e+000
  5.0500000e+002  3.2235972e+000
  5.0600000e+002  3.3650877e+000
  5.0700000e+002  3.2903598e+000
  5.0800000e+002  3.5171766e+000
  5.0900000e+002  3.4223546e+000
  5.1000000e+002  3.4998470e+000
  5.1100000e+002  3.4214997e+000
  5.1200000e+002  3.5815692e+000
  5.1300000e+002  3.6082889e+000
  5.1400000e+002  3.4643958e+000
  5.1500000e+002  3.4631378e+000
  5.1600000e+002  3.3731512e+000
  5.1700000e+002  3.3216108e+000
  5.1800000e+002  3.4312960e+000
  5.1900000e+002  3.3151526e+000
  5.2000000e+002  3.3110707e+000
  5.2100000e+002  3.2674690e+000
  5.2200000e+002  3.2356801e+000
  5.2300000e+002  3.2873441e+000
  5.2400000e+002  3.1948585e+000
  5.2500000e+002  3.2849281e+000
  5.2600000e+002  3.3283068e+000
  5.2700000e+002  3.3236084e+000
  5.2800000e+002  3.2770708e+000
  5.2900000e+002  3.3502147e+000
  5.3000000e+002  3.3333718e+000
  5.3100000e+002  3.2796736e+000
  5.3200000e+002  3.3715447e+000
  5.3300000e+002  3.4715752e+000
  5.3400000e+002  3.6301425e+000
  5.3500000e+002  3.6458981e+000
  5.3600000e+002  3.9087077e+000
  5.3700000e+002  3.7916800e+000
  5.3800000e+002  3.9041035e+000
  5.3900000e+002  3.8387062e+000
  5.4000000e+002  3.8863697e+000
  5.4100000e+002  3.8634031e+000
  5.4200000e+002  3.8061796e+000
  5.4300000e+002  3.8062493e+000
  5.4400000e+002  3.8177338e+000
  5.4500000e+002  3.7939384e+000
  5.4600000e+002  3.8659210e+000
  5.4700000e+002  3.8854182e+000
  5.4800000e+002  3.9108519e+000
  5.4900000e+002  3.8878276e+000
  5.5000000e+002  3.8645847e+000
  5.5100000e+002  3.8116012e+000
  5.5200000e+002  3.8784742e+000
  5.5300000e+002  3.8222515e+000
  5.5400000e+002  3.6548477e+000
  5.5500000e+002  3.6061720e+000
  5.5600000e+002  3.7469621e+000
  5.5700000e+002  3.7060828e+000
  5.5800000e+002  3.6089447e+000
  5.5900000e+002  3.5333732e+000
  5.6000000e+002  3.4994594e+000
  5.6100000e+002  3.5685841e+000
  5.6200000e+002  3.4959460e+000
  5.6300000e+002  3.5317313e+000
  5.6400000e+002  3.3722166e+000
  5.6500000e+002  3.3221062e+000
  5.6600000e+002  3.2169315e+000
  5.6700000e+002  3.3022334e+000
  5.6800000e+002  3.3586059e+000
  5.6900000e+002  3.3329195e+000
  5.7000000e+002  3.2710893e+000
  5.7100000e+002  3.2529684e+000
  5.7200000e+002  2.9524510e+000
  5.7300000e+002  3.0102902e+000
  5.7400000e+002  3.0896137e+000
  5.7500000e+002  2.7490177e+000
  5.7600000e+002  2.8160337e+000
  5.7700000e+002  2.8447933e+000
  5.7800000e+002  2.8616905e+000
  5.7900000e+002  2.9288641e+000
  5.8000000e+002  3.0528356e+000
  5.8100000e+002  3.3632679e+000
  5.8200000e+002  3.4919324e+000
  5.8300000e+002  3.6463101e+000
  5.8400000e+002  3.6679261e+000
  5.8500000e+002  3.6887621e+000
  5.8600000e+002  3.5416426e+000
  5.8700000e+002  3.4704230e+000
  5.8800000e+002  3.5502847e+000
  5.8900000e+002  3.4268813e+000
  5.9000000e+002  3.4511327e+000
  5.9100000e+002  3.4343080e+000
  5.9200000e+002  3.3813118e+000
  5.9300000e+002  3.3501868e+000
  5.9400000e+002  3.2618765e+000
  5.9500000e+002  3.2425959e+000
  5.9600000e+002  3.2456475e+000
  5.9700000e+002  3.1565360e+000
  5.9800000e+002  3.3508784e+000
  5.9900000e+002  3.3818217e+000
  6.0000000e+002  3.4278793e+000
  6.0200000e+002  3.3258746e+000
  6.0400000e+002  3.1287309e+000
  6.0600000e+002  3.1590919e+000
  6.0800000e+002  3.1581413e+000
  6.1000000e+002  2.8540475e+000
  6.1200000e+002  2.8848041e+000
  6.1400000e+002  2.8909494e+000
  6.1600000e+002  3.0160953e+000
  6.1800000e+002  3.1719170e+000
  6.2000000e+002  3.4466255e+000
  6.2200000e+002  3.6670200e+000
  6.2400000e+002  3.9919269e+000
  6.2600000e+002  4.2619818e+000
  6.2800000e+002  4.3668785e+000
  6.3000000e+002  4.4412421e+000
  6.3200000e+002  4.4076240e+000
  6.3400000e+002  4.2911962e+000
  6.3600000e+002  4.3579890e+000
  6.3800000e+002  4.1638207e+000
  6.4000000e+002  4.3653994e+000
  6.4200000e+002  4.1070651e+000
  6.4400000e+002  4.0418572e+000
  6.4600000e+002  4.0819698e+000
  6.4800000e+002  4.1079014e+000
  6.5000000e+002  4.0731491e+000
  6.5200000e+002  4.1501202e+000
  6.5400000e+002  4.1297353e+000
  6.5600000e+002  3.9261685e+000
  6.5800000e+002  3.9448908e+000
  6.6000000e+002  3.9951916e+000
  6.6200000e+002  4.1588707e+000
  6.6400000e+002  3.9408525e+000
  6.6600000e+002  3.8594272e+000
  6.6800000e+002  4.0092220e+000
  6.7000000e+002  3.7768712e+000
  6.7200000e+002  3.8795183e+000
  6.7400000e+002  3.8211307e+000
  6.7600000e+002  3.7578058e+000
  6.7800000e+002  3.6205764e+000
  6.8000000e+002  3.5039553e+000
  6.8200000e+002  3.5092245e+000
  6.8400000e+002  3.3946984e+000
  6.8600000e+002  3.4867939e+000
  6.8800000e+002  3.3082953e+000
  6.9000000e+002  3.0623341e+000
  6.9200000e+002  3.0725851e+000
  6.9400000e+002  2.9996699e+000
  6.9600000e+002  2.8589613e+000
  6.9800000e+002  2.9300355e+000
  7.0000000e+002  3.0131791e+000
  7.0200000e+002  3.1216998e+000
  7.0400000e+002  3.1955054e+000
  7.0600000e+002  3.2903903e+000
  7.0800000e+002  3.3867744e+000
  7.1000000e+002  3.3354885e+000
  7.1200000e+002  3.4206787e+000
  7.1400000e+002  3.6460065e+000
  7.1600000e+002  3.9729890e+000
  7.1800000e+002  4.1063915e+000
  7.2000000e+002  4.0233735e+000
  7.2200000e+002  4.0148165e+000
  7.2400000e+002  3.8034353e+000
  7.2600000e+002  3.6759340e+000
  7.2800000e+002  3.5226803e+000
  7.3000000e+002  3.5169011e+000
  7.3200000e+002  3.3758381e+000
  7.3400000e+002  3.5141080e+000
  7.3600000e+002  3.5529159e+000
  7.3800000e+002  3.5731835e+000
  7.4000000e+002  3.4714201e+000
  7.4200000e+002  3.5343422e+000
  7.4400000e+002  3.8362758e+000
  7.4600000e+002  4.0273233e+000
  7.4800000e+002  3.9465377e+000
  7.5000000e+002  3.9566545e+000
  7.5200000e+002  3.8388240e+000
  7.5400000e+002  3.9108977e+000
  7.5600000e+002  3.9458467e+000
  7.5800000e+002  3.6199539e+000
  7.6000000e+002  3.6868711e+000
  7.6200000e+002  3.4690302e+000
  7.6400000e+002  3.6394695e+000
  7.6600000e+002  3.4690392e+000
  7.6800000e+002  3.4283985e+000
  7.7000000e+002  3.3463912e+000
  7.7200000e+002  3.2254352e+000
  7.7400000e+002  3.1171982e+000
  7.7600000e+002  3.0026680e+000
  7.7800000e+002  2.9219607e+000
  7.8000000e+002  2.8371631e+000
  7.8200000e+002  2.8987052e+000
  7.8400000e+002  2.9055903e+000
  7.8600000e+002  3.0422732e+000
  7.8800000e+002  3.0618497e+000
  7.9000000e+002  3.5188226e+000
  7.9200000e+002  3.6278320e+000
  7.9400000e+002  4.0950369e+000
  7.9600000e+002  4.0267659e+000
  7.9800000e+002  4.0404559e+000
  8.0000000e+002  4.0362959e+000
  8.0200000e+002  4.0890747e+000
  8.0400000e+002  3.9081362e+000
  8.0600000e+002  3.8914411e+000
  8.0800000e+002  3.8478476e+000
  8.1000000e+002  3.6680550e+000
  8.1200000e+002  3.7438852e+000
  8.1400000e+002  3.4843215e+000
  8.1600000e+002  3.4376367e+000
  8.1800000e+002  3.2629303e+000
  8.2000000e+002  3.3168660e+000
  8.2200000e+002  3.2596249e+000
  8.2400000e+002  3.2811249e+000
  8.2600000e+002  3.4679031e+000
  8.2800000e+002  3.3064873e+000
  8.3000000e+002  3.4013596e+000
  8.3200000e+002  3.4336214e+000
  8.3400000e+002  3.3139857e+000
  8.3600000e+002  3.1753346e+000
  8.3800000e+002  3.3482660e+000
  8.4000000e+002  3.3839512e+000
  8.4200000e+002  3.1666094e+000
  8.4400000e+002  3.0339484e+000
  8.4600000e+002  2.9364607e+000
  8.4800000e+002  2.9864886e+000
  8.5000000e+002  2.8575553e+000
  8.5200000e+002  3.0132368e+000
  8.5400000e+002  2.9886889e+000
  8.5600000e+002  2.8247943e+000
  8.5800000e+002  2.7836006e+000
  8.6000000e+002  2.8112033e+000
  8.6200000e+002  3.0438698e+000
  8.6400000e+002  2.9367510e+000
  8.6600000e+002  3.4151031e+000
  8.6800000e+002  3.6750020e+000
  8.7000000e+002  3.8650515e+000
  8.7200000e+002  4.0302068e+000
  8.7400000e+002  4.0419558e+000
  8.7600000e+002  4.0547187e+000
  8.7800000e+002  3.9502328e+000
  8.8000000e+002  4.0386441e+000
  8.8200000e+002  3.7801330e+000
  8.8400000e+002  3.8301569e+000
  8.8600000e+002  3.8325050e+000
  8.8800000e+002  3.8098731e+000
  8.9000000e+002  3.7525419e+000
  8.9200000e+002  3.6805617e+000
  8.9400000e+002  3.7696921e+000
  8.9600000e+002  3.7568257e+000
  8.9800000e+002  3.6924172e+000
  9.0000000e+002  3.6536987e+000
  9.0200000e+002  3.5340780e+000
  9.0400000e+002  3.5005388e+000
  9.0600000e+002  3.4784094e+000
  9.0800000e+002  3.3467724e+000
  9.1000000e+002  3.3466943e+000
  9.1200000e+002  3.4466664e+000
  9.1400000e+002  3.3912113e+000
  9.1600000e+002  3.4243314e+000
  9.1800000e+002  3.7337650e+000
  9.2000000e+002  3.8697524e+000
  9.2200000e+002  3.9110454e+000
  9.2400000e+002  3.7877084e+000
  9.2600000e+002  3.7382337e+000
  9.2800000e+002  3.6238392e+000
  9.3000000e+002  3.4591982e+000
  9.3200000e+002  3.4340876e+000
  9.3400000e+002  3.3424743e+000
  9.3600000e+002  3.3760300e+000
  9.3800000e+002  3.2185894e+000
  9.4000000e+002  3.2455636e+000
  9.4200000e+002  3.0495668e+000
  9.4400000e+002  2.9261271e+000
  9.4600000e+002  2.9901584e+000
  9.4800000e+002  2.8447885e+000
  9.5000000e+002  2.7988289e+000
  9.5200000e+002  2.6580285e+000
  9.5400000e+002  2.7534857e+000
  9.5600000e+002  2.6866620e+000
  9.5800000e+002  3.0937985e+000
  9.6000000e+002  3.5156642e+000
  9.6200000e+002  3.7832439e+000
  9.6400000e+002  3.9437464e+000
  9.6600000e+002  3.6627926e+000
  9.6800000e+002  3.5675631e+000
  9.7000000e+002  3.4539578e+000
  9.7200000e+002  3.3442858e+000
  9.7400000e+002  3.2318313e+000
  9.7600000e+002  3.1326376e+000
  9.7800000e+002  3.0809500e+000
  9.8000000e+002  3.1238568e+000
  9.8200000e+002  3.3522402e+000
  9.8400000e+002  3.5063592e+000
  9.8600000e+002  3.6010156e+000
  9.8800000e+002  3.5667669e+000
  9.9000000e+002  3.4652463e+000
  9.9200000e+002  3.4187973e+000
  9.9400000e+002  3.2986516e+000
  9.9600000e+002  3.1953560e+000
  9.9800000e+002  3.1982136e+000
  1.0000000e+003  3.2950013e+000
  1.0020000e+003  3.5052667e+000
  1.0040000e+003  3.6436575e+000
  1.0060000e+003  3.5767491e+000
  1.0080000e+003  3.5791829e+000
  1.0100000e+003  3.4787991e+000
  1.0120000e+003  3.4939034e+000
  1.0140000e+003  3.3500215e+000
  1.0160000e+003  3.0851900e+000
  1.0180000e+003  3.1434629e+000
  1.0200000e+003  3.1917488e+000
  1.0220000e+003  2.9262004e+000
  1.0240000e+003  3.0015498e+000
  1.0260000e+003  3.2318635e+000
  1.0280000e+003  3.1991140e+000
  1.0300000e+003  3.3078103e+000
  1.0320000e+003  3.4377995e+000
  1.0340000e+003  3.7153959e+000
  1.0360000e+003  3.6926922e+000
  1.0380000e+003  3.9014014e+000
  1.0400000e+003  3.6867055e+000
  1.0420000e+003  3.5910560e+000
  1.0440000e+003  3.7370546e+000
  1.0460000e+003  3.5809426e+000
  1.0480000e+003  3.6497794e+000
  1.0500000e+003  3.5426674e+000
  1.0520000e+003  3.6324781e+000
  1.0540000e+003  3.6074775e+000
  1.0560000e+003  3.4762553e+000
  1.0580000e+003  3.5882657e+000
  1.0600000e+003  3.4436902e+000
  1.0620000e+003  3.2996932e+000
  1.0640000e+003  3.0247825e+000
  1.0660000e+003  2.8380861e+000
  1.0680000e+003  2.6869000e+000
  1.0700000e+003  2.7027836e+000
  1.0720000e+003  2.5659532e+000
  1.0740000e+003  2.7792980e+000
  1.0760000e+003  2.8446407e+000
  1.0780000e+003  2.9016196e+000
  1.0800000e+003  2.9689590e+000
  1.0820000e+003  3.1686304e+000
  1.0840000e+003  3.0611217e+000
  1.0860000e+003  3.2510137e+000
  1.0880000e+003  3.2685604e+000
  1.0900000e+003  3.3079304e+000
  1.0920000e+003  3.3677977e+000
  1.0940000e+003  3.3569818e+000
  1.0960000e+003  3.3858778e+000
  1.0980000e+003  3.6531949e+000
  1.1000000e+003  3.4422399e+000
  1.1020000e+003  3.3864898e+000
  1.1040000e+003  3.2880695e+000
  1.1060000e+003  3.1893499e+000
  1.1080000e+003  3.0276891e+000
  1.1100000e+003  3.2082483e+000
  1.1120000e+003  3.1998773e+000
  1.1140000e+003  3.4821174e+000
  1.1160000e+003  3.5019370e+000
  1.1180000e+003  3.5565751e+000
  1.1200000e+003  3.4476466e+000
  1.1220000e+003  3.8334854e+000
  1.1240000e+003  3.7045838e+000
  1.1260000e+003  3.8646154e+000
  1.1280000e+003  3.7376697e+000
  1.1300000e+003  3.6799660e+000
  1.1320000e+003  3.4113292e+000
  1.1340000e+003  3.5844932e+000
  1.1360000e+003  3.5987320e+000
  1.1380000e+003  3.3834147e+000
  1.1400000e+003  3.3808559e+000
  1.1420000e+003  3.3293158e+000
  1.1440000e+003  3.3525396e+000
  1.1460000e+003  3.2235167e+000
  1.1480000e+003  3.3750415e+000
  1.1500000e+003  3.1753005e+000
  1.1520000e+003  3.1121461e+000
  1.1540000e+003  3.1231121e+000
  1.1560000e+003  3.1452431e+000
  1.1580000e+003  3.0418135e+000
  1.1600000e+003  2.9562852e+000
  1.1620000e+003  2.9610381e+000
  1.1640000e+003  3.0203489e+000
  1.1660000e+003  2.8887247e+000
  1.1680000e+003  2.9237680e+000
  1.1700000e+003  2.9604871e+000
  1.1720000e+003  3.0926948e+000
  1.1740000e+003  3.1245369e+000
  1.1760000e+003  3.1021696e+000
  1.1780000e+003  3.1563559e+000
  1.1800000e+003  2.9610787e+000
  1.1820000e+003  3.1973860e+000
  1.1840000e+003  3.0141913e+000
  1.1860000e+003  3.1272857e+000
  1.1880000e+003  3.0335262e+000
  1.1900000e+003  3.4072879e+000
  1.1920000e+003  3.5008690e+000
  1.1940000e+003  3.6338702e+000
  1.1960000e+003  3.6418245e+000
  1.1980000e+003  3.7910055e+000
  1.2000000e+003  3.7751664e+000
  1.2020000e+003  3.5619602e+000
  1.2040000e+003  3.6986214e+000
  1.2060000e+003  3.5183015e+000
  1.2080000e+003  3.6811116e+000
  1.2100000e+003  3.5630837e+000
  1.2120000e+003  3.4421374e+000
  1.2140000e+003  3.4600855e+000
  1.2160000e+003  3.1815762e+000
  1.2180000e+003  3.0931584e+000
  1.2200000e+003  3.3327630e+000
  1.2220000e+003  3.3027052e+000
  1.2240000e+003  3.0989497e+000
  1.2260000e+003  2.9877200e+000
  1.2280000e+003  2.9088456e+000
  1.2300000e+003  2.7846632e+000
  1.2320000e+003  2.7681690e+000
  1.2340000e+003  2.6988603e+000
  1.2360000e+003  2.7435299e+000
  1.2380000e+003  2.7137206e+000
  1.2400000e+003  2.6931496e+000
  1.2420000e+003  2.8268286e+000
  1.2440000e+003  3.2113874e+000
  1.2460000e+003  3.4641401e+000
  1.2480000e+003  3.7161019e+000
  1.2500000e+003  3.6729191e+000
  1.2520000e+003  3.6087738e+000
  1.2540000e+003  3.6304370e+000
  1.2560000e+003  3.4670139e+000
  1.2580000e+003  3.2633941e+000
  1.2600000e+003  3.2297164e+000
  1.2620000e+003  3.4265516e+000
  1.2640000e+003  3.3211451e+000
  1.2660000e+003  3.2668367e+000
  1.2680000e+003  3.2667347e+000
  1.2700000e+003  3.2030172e+000
  1.2720000e+003  3.1719238e+000
  1.2740000e+003  3.2003701e+000
  1.2760000e+003  3.0709045e+000
  1.2780000e+003  3.0300908e+000
  1.2800000e+003  2.9202191e+000
  1.2820000e+003  3.0111555e+000
  1.2840000e+003  3.2001656e+000
  1.2860000e+003  3.3308532e+000
  1.2880000e+003  3.6210604e+000
  1.2900000e+003  3.7132727e+000
  1.2920000e+003  3.5028003e+000
  1.2940000e+003  3.2979516e+000
  1.2960000e+003  3.5646199e+000
  1.2980000e+003  3.5055178e+000
  1.3000000e+003  3.4320954e+000
  1.3020000e+003  3.4155329e+000
  1.3040000e+003  3.3271554e+000
  1.3060000e+003  3.2550411e+000
  1.3080000e+003  3.1608949e+000
  1.3100000e+003  3.0095184e+000
  1.3120000e+003  3.0501437e+000
  1.3140000e+003  3.0678043e+000
  1.3160000e+003  2.9508512e+000
  1.3180000e+003  3.0907863e+000
  1.3200000e+003  3.3059635e+000
  1.3220000e+003  3.2990022e+000
  1.3240000e+003  3.3518740e+000
  1.3260000e+003  3.3581551e+000
  1.3280000e+003  3.4528147e+000
  1.3300000e+003  3.4194550e+000
  1.3320000e+003  3.3843518e+000
  1.3340000e+003  3.5466934e+000
  1.3360000e+003  3.5532093e+000
  1.3380000e+003  3.4578467e+000
  1.3400000e+003  3.5509210e+000
  1.3420000e+003  3.4252346e+000
  1.3440000e+003  3.2426591e+000
  1.3460000e+003  3.2165665e+000
  1.3480000e+003  3.0324284e+000
  1.3500000e+003  2.9460987e+000
  1.3520000e+003  2.8455642e+000
  1.3540000e+003  2.7719814e+000
  1.3560000e+003  2.8598604e+000
  1.3580000e+003  2.9111114e+000
  1.3600000e+003  2.9883629e+000
  1.3620000e+003  3.1570586e+000
  1.3640000e+003  3.3443160e+000
  1.3660000e+003  3.3478096e+000
  1.3680000e+003  3.5631782e+000
  1.3700000e+003  3.3999003e+000
  1.3720000e+003  3.6205173e+000
  1.3740000e+003  3.5657405e+000
  1.3760000e+003  3.4417722e+000
  1.3780000e+003  3.5573312e+000
  1.3800000e+003  3.4135557e+000
  1.3820000e+003  3.3249719e+000
  1.3840000e+003  3.1829242e+000
  1.3860000e+003  3.0821963e+000
  1.3880000e+003  2.9697320e+000
  1.3900000e+003  3.0915406e+000
  1.3920000e+003  2.9484228e+000
  1.3940000e+003  3.0614121e+000
  1.3960000e+003  2.9023920e+000
  1.3980000e+003  2.8545019e+000
  1.4000000e+003  2.9164129e+000
  1.4020000e+003  2.9883819e+000
  1.4040000e+003  3.0987716e+000
  1.4060000e+003  3.3310766e+000
  1.4080000e+003  3.3347011e+000
  1.4100000e+003  3.5644947e+000
  1.4120000e+003  3.7643327e+000
  1.4140000e+003  3.5765864e+000
  1.4160000e+003  3.3150466e+000
  1.4180000e+003  3.2019869e+000
  1.4200000e+003  3.3243717e+000
  1.4220000e+003  3.1894212e+000
  1.4240000e+003  3.0838203e+000
  1.4260000e+003  3.0786658e+000
  1.4280000e+003  2.9660057e+000
  1.4300000e+003  2.8795409e+000
  1.4320000e+003  2.7388060e+000
  1.4340000e+003  2.7413657e+000
  1.4360000e+003  2.5975435e+000
  1.4380000e+003  2.6022156e+000
  1.4400000e+003  2.6411386e+000
  1.4420000e+003  2.7015301e+000
  1.4440000e+003  2.6904988e+000
  1.4460000e+003  2.7184786e+000
  1.4480000e+003  2.7142143e+000
  1.4500000e+003  2.8536834e+000
  1.4520000e+003  3.1586838e+000
  1.4540000e+003  3.5578627e+000
  1.4560000e+003  3.6709320e+000
  1.4580000e+003  3.5981195e+000
  1.4600000e+003  3.4594115e+000
  1.4620000e+003  3.4312525e+000
  1.4640000e+003  3.5780134e+000
  1.4660000e+003  3.3548607e+000
  1.4680000e+003  3.2250120e+000
  1.4700000e+003  2.9757354e+000
  1.4720000e+003  2.8066227e+000
  1.4740000e+003  2.7399604e+000
  1.4760000e+003  2.6701318e+000
  1.4780000e+003  2.7822310e+000
  1.4800000e+003  2.7516408e+000
  1.4820000e+003  2.8000078e+000
  1.4840000e+003  2.9269108e+000
  1.4860000e+003  2.7840489e+000
  1.4880000e+003  2.7815543e+000
  1.4900000e+003  2.8677614e+000
  1.4920000e+003  3.1306442e+000
  1.4940000e+003  3.4069918e+000
  1.4960000e+003  3.7212191e+000
  1.4980000e+003  3.5989616e+000
  1.5000000e+003  3.5735752e+000
  1.5025000e+003  3.6524291e+000
  1.5050000e+003  3.5152780e+000
  1.5075000e+003  3.5083811e+000
  1.5100000e+003  3.3803270e+000
  1.5125000e+003  3.1005462e+000
  1.5150000e+003  3.0542805e+000
  1.5175000e+003  3.1464115e+000
  1.5200000e+003  3.0048380e+000
  1.5225000e+003  3.0279882e+000
  1.5250000e+003  3.0583336e+000
  1.5275000e+003  3.2530265e+000
  1.5300000e+003  3.3199095e+000
  1.5325000e+003  3.5599056e+000
  1.5350000e+003  3.7684185e+000
  1.5375000e+003  3.7122520e+000
  1.5400000e+003  3.7429612e+000
  1.5425000e+003  3.6582874e+000
  1.5450000e+003  3.4338262e+000
  1.5475000e+003  3.3264592e+000
  1.5500000e+003  3.1825951e+000
  1.5525000e+003  3.0388490e+000
  1.5550000e+003  3.0823891e+000
  1.5575000e+003  3.1483993e+000
  1.5600000e+003  3.1160789e+000
  1.5625000e+003  2.9373932e+000
  1.5650000e+003  2.9233997e+000
  1.5675000e+003  3.0914879e+000
  1.5700000e+003  3.2066743e+000
  1.5725000e+003  3.5342273e+000
  1.5750000e+003  3.5971635e+000
  1.5775000e+003  3.5430541e+000
  1.5800000e+003  3.3547299e+000
  1.5825000e+003  3.3544906e+000
  1.5850000e+003  3.1578774e+000
  1.5875000e+003  3.0218519e+000
  1.5900000e+003  3.0819438e+000
  1.5925000e+003  3.2183026e+000
  1.5950000e+003  3.0695266e+000
  1.5975000e+003  2.9673998e+000
  1.6000000e+003  2.8862709e+000
  1.6025000e+003  2.7323430e+000
  1.6050000e+003  2.9082112e+000
  1.6075000e+003  3.0204096e+000
  1.6100000e+003  3.0213600e+000
  1.6125000e+003  3.2445581e+000
  1.6150000e+003  3.1976732e+000
  1.6175000e+003  3.2613491e+000
  1.6200000e+003  3.0139119e+000
  1.6225000e+003  3.0418261e+000
  1.6250000e+003  3.1196077e+000
  1.6275000e+003  3.3745599e+000
  1.6300000e+003  2.9113530e+000
  1.6325000e+003  2.9309218e+000
  1.6350000e+003  2.9175523e+000
  1.6375000e+003  2.9598646e+000
  1.6400000e+003  3.0362474e+000
  1.6425000e+003  3.2405549e+000
  1.6450000e+003  3.4134384e+000
  1.6475000e+003  3.5279355e+000
  1.6500000e+003  3.5401934e+000
  1.6525000e+003  3.6111574e+000
  1.6550000e+003  3.6445615e+000
  1.6575000e+003  3.4734680e+000
  1.6600000e+003  3.4933701e+000
  1.6625000e+003  3.4393383e+000
  1.6650000e+003  3.4884242e+000
  1.6675000e+003  3.2691995e+000
  1.6700000e+003  3.2391071e+000
  1.6725000e+003  3.2235538e+000
  1.6750000e+003  2.9149499e+000
  1.6775000e+003  3.0840303e+000
  1.6800000e+003  3.0125311e+000
  1.6825000e+003  2.9315602e+000
  1.6850000e+003  2.9479532e+000
  1.6875000e+003  3.0995142e+000
  1.6900000e+003  3.0762228e+000
  1.6925000e+003  3.1104650e+000
  1.6950000e+003  3.1838860e+000
  1.6975000e+003  3.1347476e+000
  1.7000000e+003  3.4457776e+000
  1.7025000e+003  3.5112453e+000
  1.7050000e+003  3.4844198e+000
  1.7075000e+003  3.5284953e+000
  1.7100000e+003  3.2914556e+000
  1.7125000e+003  3.2175722e+000
  1.7150000e+003  3.1925902e+000
  1.7175000e+003  2.9330285e+000
  1.7200000e+003  2.8825249e+000
  1.7225000e+003  3.0793677e+000
  1.7250000e+003  3.1510846e+000
  1.7275000e+003  3.1567370e+000
  1.7300000e+003  3.1032577e+000
  1.7325000e+003  3.2163519e+000
  1.7350000e+003  2.9574870e+000
  1.7375000e+003  2.9599123e+000
  1.7400000e+003  3.0691395e+000
  1.7425000e+003  3.0516548e+000
  1.7450000e+003  3.4889679e+000
  1.7475000e+003  3.5673377e+000
  1.7500000e+003  3.5246488e+000
  1.7525000e+003  3.2057135e+000
  1.7550000e+003  3.1001270e+000
  1.7575000e+003  3.1876782e+000
  1.7600000e+003  2.8858484e+000
  1.7625000e+003  2.9885466e+000
  1.7650000e+003  2.8509049e+000
  1.7675000e+003  2.8760850e+000
  1.7700000e+003  2.8444731e+000
  1.7725000e+003  2.7437247e+000
  1.7750000e+003  2.8927123e+000
  1.7775000e+003  2.9319319e+000
  1.7800000e+003  3.0119011e+000
  1.7825000e+003  3.1598725e+000
  1.7850000e+003  3.1305256e+000
  1.7875000e+003  3.2053064e+000
  1.7900000e+003  3.3525648e+000
  1.7925000e+003  3.4177181e+000
  1.7950000e+003  3.4544859e+000
  1.7975000e+003  3.2471890e+000
  1.8000000e+003  3.3109442e+000
  1.8025000e+003  3.1615925e+000
  1.8050000e+003  3.0416573e+000
  1.8075000e+003  3.0196571e+000
  1.8100000e+003  2.8809573e+000
  1.8125000e+003  3.0407337e+000
  1.8150000e+003  2.9707031e+000
  1.8175000e+003  3.3447565e+000
  1.8200000e+003  3.1819839e+000
  1.8225000e+003  3.0850456e+000
  1.8250000e+003  3.0840510e+000
  1.8275000e+003  3.0058512e+000
  1.8300000e+003  2.7827417e+000
  1.8325000e+003  2.9881212e+000
  1.8350000e+003  3.0379234e+000
  1.8375000e+003  2.9329432e+000
  1.8400000e+003  2.9347466e+000
  1.8425000e+003  2.9261813e+000
  1.8450000e+003  2.9707373e+000
  1.8475000e+003  3.1563776e+000
  1.8500000e+003  2.9767855e+000
  1.8525000e+003  2.9709614e+000
  1.8550000e+003  2.9229170e+000
  1.8575000e+003  3.0038292e+000
  1.8600000e+003  3.2525289e+000
  1.8625000e+003  3.5462531e+000
  1.8650000e+003  3.5167619e+000
  1.8675000e+003  3.3298905e+000
  1.8700000e+003  3.3130508e+000
  1.8725000e+003  3.1945991e+000
  1.8750000e+003  3.2035112e+000
  1.8775000e+003  3.0864871e+000
  1.8800000e+003  3.1268810e+000
  1.8825000e+003  3.0547539e+000
  1.8850000e+003  3.1116131e+000
  1.8875000e+003  2.9517837e+000
  1.8900000e+003  3.0407795e+000
  1.8925000e+003  2.9748891e+000
  1.8950000e+003  3.1022899e+000
  1.8975000e+003  3.0468290e+000
  1.9000000e+003  3.3810556e+000
  1.9025000e+003  3.2880280e+000
  1.9050000e+003  3.3692544e+000
  1.9075000e+003  3.1859950e+000
  1.9100000e+003  3.1740705e+000
  1.9125000e+003  3.1691439e+000
  1.9150000e+003  3.0609896e+000
  1.9175000e+003  3.0026342e+000
  1.9200000e+003  3.0591616e+000
  1.9225000e+003  3.0145339e+000
  1.9250000e+003  2.8580165e+000
  1.9275000e+003  2.8365068e+000
  1.9300000e+003  2.8734108e+000
  1.9325000e+003  2.8139953e+000
  1.9350000e+003  2.8756058e+000
  1.9375000e+003  2.9376597e+000
  1.9400000e+003  2.8707352e+000
  1.9425000e+003  3.3792446e+000
  1.9450000e+003  3.3907936e+000
  1.9475000e+003  3.5312878e+000
  1.9500000e+003  3.4633944e+000
  1.9525000e+003  3.3841709e+000
  1.9550000e+003  3.2519742e+000
  1.9575000e+003  3.1264445e+000
  1.9600000e+003  3.2179862e+000
  1.9625000e+003  3.2611760e+000
  1.9650000e+003  3.1001173e+000
  1.9675000e+003  2.9714416e+000
  1.9700000e+003  3.1122226e+000
  1.9725000e+003  2.8562490e+000
  1.9750000e+003  2.9058851e+000
  1.9775000e+003  2.8062183e+000
  1.9800000e+003  2.6865060e+000
  1.9825000e+003  2.7411677e+000
  1.9850000e+003  2.7195643e+000
  1.9875000e+003  2.8776565e+000
  1.9900000e+003  3.0149446e+000
  1.9925000e+003  3.0355514e+000
  1.9950000e+003  2.9405689e+000
  1.9975000e+003  3.0505130e+000
  2.0000000e+003  3.2067213e+000
  2.0025000e+003  3.1668521e+000
  2.0050000e+003  3.2793234e+000
  2.0075000e+003  3.2482420e+000
  2.0100000e+003  2.9052990e+000
  2.0125000e+003  2.9930670e+000
  2.0150000e+003  3.1719469e+000
  2.0175000e+003  2.8968851e+000
  2.0200000e+003  2.9287102e+000
  2.0225000e+003  2.8230471e+000
  2.0250000e+003  2.5954557e+000
  2.0275000e+003  2.8030623e+000
  2.0300000e+003  2.7027014e+000
  2.0325000e+003  2.7190751e+000
  2.0350000e+003  2.9218772e+000
  2.0375000e+003  2.9901551e+000
  2.0400000e+003  3.0302207e+000
  2.0425000e+003  2.9815464e+000
  2.0450000e+003  3.2765269e+000
  2.0475000e+003  3.1374755e+000
  2.0500000e+003  3.0684328e+000
  2.0525000e+003  2.9776832e+000
  2.0550000e+003  2.9648411e+000
  2.0575000e+003  3.0821310e+000
  2.0600000e+003  3.0964416e+000
  2.0625000e+003  3.2402213e+000
  2.0650000e+003  3.5407662e+000
  2.0675000e+003  3.5352270e+000
  2.0700000e+003  3.5680783e+000
  2.0725000e+003  3.6437263e+000
  2.0750000e+003  3.5164143e+000
  2.0775000e+003  3.5122037e+000
  2.0800000e+003  3.3219906e+000
  2.0825000e+003  3.3533593e+000
  2.0850000e+003  3.2103475e+000
  2.0875000e+003  3.2423063e+000
  2.0900000e+003  3.0588457e+000
  2.0925000e+003  2.9901890e+000
  2.0950000e+003  2.8523575e+000
  2.0975000e+003  2.8180628e+000
  2.1000000e+003  2.7954171e+000
  2.1025000e+003  2.9107290e+000
  2.1050000e+003  3.0188143e+000
  2.1075000e+003  2.9923356e+000
  2.1100000e+003  2.8737620e+000
  2.1125000e+003  2.8625940e+000
  2.1150000e+003  2.8639645e+000
  2.1175000e+003  3.0811543e+000
  2.1200000e+003  3.0418435e+000
  2.1225000e+003  3.0370958e+000
  2.1250000e+003  2.8601269e+000
  2.1275000e+003  2.8315495e+000
  2.1300000e+003  2.6772535e+000
  2.1325000e+003  2.6468674e+000
  2.1350000e+003  2.6525524e+000
  2.1375000e+003  2.6957011e+000
  2.1400000e+003  2.5904243e+000
  2.1425000e+003  2.8038901e+000
  2.1450000e+003  2.9642856e+000
  2.1475000e+003  3.3635531e+000
  2.1500000e+003  3.5145931e+000
  2.1525000e+003  3.5814116e+000
  2.1550000e+003  3.5944186e+000
  2.1575000e+003  3.4633597e+000
  2.1600000e+003  3.5075092e+000
  2.1625000e+003  3.3000281e+000
  2.1650000e+003  3.2431840e+000
  2.1675000e+003  3.1298532e+000
  2.1700000e+003  3.0536246e+000
  2.1725000e+003  3.0296809e+000
  2.1750000e+003  2.9178078e+000
  2.1775000e+003  2.8562533e+000
  2.1800000e+003  2.7246014e+000
  2.1825000e+003  2.7674017e+000
  2.1850000e+003  2.7808599e+000
  2.1875000e+003  2.7400158e+000
  2.1900000e+003  2.9176747e+000
  2.1925000e+003  3.0394391e+000
  2.1950000e+003  3.1331471e+000
  2.1975000e+003  3.1922514e+000
  2.2000000e+003  3.2160277e+000
  2.2025000e+003  3.1886740e+000
  2.2050000e+003  3.1008529e+000
  2.2075000e+003  2.9584178e+000
  2.2100000e+003  2.9538636e+000
  2.2125000e+003  2.8215220e+000
  2.2150000e+003  2.9473046e+000
  2.2175000e+003  2.9695732e+000
  2.2200000e+003  2.9303679e+000
  2.2225000e+003  2.8484284e+000
  2.2250000e+003  2.7477197e+000
  2.2275000e+003  2.7752992e+000
  2.2300000e+003  2.8168580e+000
  2.2325000e+003  2.8473650e+000
  2.2350000e+003  2.9190905e+000
  2.2375000e+003  3.1608047e+000
  2.2400000e+003  3.3713868e+000
  2.2425000e+003  3.2335505e+000
  2.2450000e+003  3.1600115e+000
  2.2475000e+003  3.0848071e+000
  2.2500000e+003  2.9711891e+000
  2.2525000e+003  2.8092257e+000
  2.2550000e+003  2.7532279e+000
  2.2575000e+003  2.6813659e+000
  2.2600000e+003  2.5702445e+000
  2.2625000e+003  2.6600283e+000
  2.2650000e+003  2.8105522e+000
  2.2675000e+003  2.7271153e+000
  2.2700000e+003  2.8444262e+000
  2.2725000e+003  2.8608239e+000
  2.2750000e+003  3.2327619e+000
  2.2775000e+003  3.1605405e+000
  2.2800000e+003  3.1966323e+000
  2.2825000e+003  3.2673553e+000
  2.2850000e+003  3.1573243e+000
  2.2875000e+003  3.0513108e+000
  2.2900000e+003  3.0442253e+000
  2.2925000e+003  2.8183432e+000
  2.2950000e+003  2.8051350e+000
  2.2975000e+003  2.6341651e+000
  2.3000000e+003  2.6435815e+000
  2.3025000e+003  2.7158469e+000
  2.3050000e+003  2.7109063e+000
  2.3075000e+003  2.7864967e+000
  2.3100000e+003  2.9673185e+000
  2.3125000e+003  3.0625267e+000
  2.3150000e+003  3.0993708e+000
  2.3175000e+003  3.1080918e+000
  2.3200000e+003  3.1224673e+000
  2.3225000e+003  2.9575118e+000
  2.3250000e+003  2.8774177e+000
  2.3275000e+003  2.9984303e+000
  2.3300000e+003  3.0026654e+000
  2.3325000e+003  2.8780952e+000
  2.3350000e+003  2.7525073e+000
  2.3375000e+003  2.6493120e+000
  2.3400000e+003  2.5626561e+000
  2.3425000e+003  2.6932524e+000
  2.3450000e+003  2.7270289e+000
  2.3475000e+003  2.6077592e+000
  2.3500000e+003  2.9420831e+000
  2.3525000e+003  3.0824123e+000
  2.3550000e+003  3.1643502e+000
  2.3575000e+003  3.3222361e+000
  2.3600000e+003  3.2849335e+000
  2.3625000e+003  3.1232532e+000
  2.3650000e+003  3.2268748e+000
  2.3675000e+003  2.9889318e+000
  2.3700000e+003  3.0787338e+000
  2.3725000e+003  2.9888692e+000
  2.3750000e+003  2.7453965e+000
  2.3775000e+003  2.7414213e+000
  2.3800000e+003  2.7302673e+000
  2.3825000e+003  2.6034470e+000
  2.3850000e+003  2.6923382e+000
  2.3875000e+003  2.8417413e+000
  2.3900000e+003  2.8981416e+000
  2.3925000e+003  2.9557815e+000
  2.3950000e+003  2.7668188e+000
  2.3975000e+003  2.8153222e+000
  2.4000000e+003  2.8376505e+000
  2.4025000e+003  3.0262050e+000
  2.4050000e+003  3.0474491e+000
  2.4075000e+003  2.7735196e+000
  2.4100000e+003  2.6454850e+000
  2.4125000e+003  2.7345024e+000
  2.4150000e+003  2.7278085e+000
  2.4175000e+003  2.6915991e+000
  2.4200000e+003  2.7139343e+000
  2.4225000e+003  2.8949845e+000
  2.4250000e+003  2.8487205e+000
  2.4275000e+003  3.0212386e+000
  2.4300000e+003  3.2902223e+000
  2.4325000e+003  3.5259549e+000
  2.4350000e+003  3.4546539e+000
  2.4375000e+003  3.4974105e+000
  2.4400000e+003  3.3692891e+000
  2.4425000e+003  3.3553068e+000
  2.4450000e+003  3.3135776e+000
  2.4475000e+003  3.2691887e+000
  2.4500000e+003  3.0897328e+000
  2.4525000e+003  3.0466915e+000
  2.4550000e+003  2.8137774e+000
  2.4575000e+003  2.7456959e+000
  2.4600000e+003  2.7504650e+000
  2.4625000e+003  2.5663702e+000
  2.4650000e+003  2.6106689e+000
  2.4675000e+003  2.6670733e+000
  2.4700000e+003  2.6805791e+000
  2.4725000e+003  2.7901642e+000
  2.4750000e+003  2.9297557e+000
  2.4775000e+003  3.0562505e+000
  2.4800000e+003  3.0639544e+000
  2.4825000e+003  3.3236986e+000
  2.4850000e+003  3.3483231e+000
  2.4875000e+003  3.5176525e+000
  2.4900000e+003  3.1909262e+000
  2.4925000e+003  3.0111111e+000
  2.4950000e+003  2.9841276e+000
  2.4975000e+003  2.7909582e+000
  2.5000000e+003  2.5418830e+000
  2.5025000e+003  2.7070349e+000
  2.5050000e+003  2.8397779e+000
  2.5075000e+003  2.7751341e+000
  2.5100000e+003  3.0096972e+000
  2.5125000e+003  3.1214968e+000
  2.5150000e+003  3.2456114e+000
  2.5175000e+003  3.4778776e+000
  2.5200000e+003  3.4867532e+000
  2.5225000e+003  3.4242314e+000
  2.5250000e+003  3.4851708e+000
  2.5275000e+003  3.3929936e+000
  2.5300000e+003  3.2474242e+000
  2.5325000e+003  3.2860084e+000
  2.5350000e+003  3.0934495e+000
  2.5375000e+003  3.1000357e+000
  2.5400000e+003  2.9938674e+000
  2.5425000e+003  2.7129148e+000
  2.5450000e+003  2.6334345e+000
  2.5475000e+003  2.5422171e+000
  2.5500000e+003  2.5748887e+000
  2.5525000e+003  2.6381448e+000
  2.5550000e+003  2.7944952e+000
  2.5575000e+003  2.7471992e+000
  2.5600000e+003  2.7286739e+000
  2.5625000e+003  2.7429472e+000
  2.5650000e+003  2.9864221e+000
  2.5675000e+003  2.8898431e+000
  2.5700000e+003  2.8337439e+000
  2.5725000e+003  2.8309734e+000
  2.5750000e+003  2.7737833e+000
  2.5775000e+003  2.6768849e+000
  2.5800000e+003  2.5949544e+000
  2.5825000e+003  2.6202209e+000
  2.5850000e+003  2.5241953e+000
  2.5875000e+003  2.6289061e+000
  2.5900000e+003  2.7912413e+000
  2.5925000e+003  2.8088290e+000
  2.5950000e+003  2.8336338e+000
  2.5975000e+003  3.1036656e+000
  2.6000000e+003  3.2610457e+000
  2.6025000e+003  3.2201645e+000
  2.6050000e+003  3.1721950e+000
  2.6075000e+003  3.2065464e+000
  2.6100000e+003  2.9820092e+000
  2.6125000e+003  3.0033273e+000
  2.6150000e+003  2.8044080e+000
  2.6175000e+003  2.8116589e+000
  2.6200000e+003  2.6325816e+000
  2.6225000e+003  2.5957556e+000
  2.6250000e+003  2.6723372e+000
  2.6275000e+003  2.6228186e+000
  2.6300000e+003  2.5852563e+000
  2.6325000e+003  2.8039099e+000
  2.6350000e+003  2.8081979e+000
  2.6375000e+003  2.8430392e+000
  2.6400000e+003  3.0162562e+000
  2.6425000e+003  3.0819491e+000
  2.6450000e+003  3.2033088e+000
  2.6475000e+003  3.0461146e+000
  2.6500000e+003  2.8716903e+000
  2.6525000e+003  2.7672432e+000
  2.6550000e+003  2.7112388e+000
  2.6575000e+003  2.4956541e+000
  2.6600000e+003  2.5869964e+000
  2.6625000e+003  2.4131262e+000
  2.6650000e+003  2.6105968e+000
  2.6675000e+003  2.5976354e+000
  2.6700000e+003  2.5478129e+000
  2.6725000e+003  2.5566281e+000
  2.6750000e+003  2.5775776e+000
  2.6775000e+003  2.7243264e+000
  2.6800000e+003  2.7294147e+000
  2.6825000e+003  2.8981287e+000
  2.6850000e+003  3.0419691e+000
  2.6875000e+003  3.1129294e+000
  2.6900000e+003  2.9677219e+000
  2.6925000e+003  2.8917985e+000
  2.6950000e+003  2.9698074e+000
  2.6975000e+003  2.9266926e+000
  2.7000000e+003  2.9735655e+000
  2.7025000e+003  2.8382116e+000
  2.7050000e+003  3.1455301e+000
  2.7075000e+003  3.1150739e+000
  2.7100000e+003  3.0603746e+000
  2.7125000e+003  3.1164085e+000
  2.7150000e+003  3.2253695e+000
  2.7175000e+003  3.1558736e+000
  2.7200000e+003  3.1605837e+000
  2.7225000e+003  3.1275509e+000
  2.7250000e+003  3.0202457e+000
  2.7275000e+003  2.9695656e+000
  2.7300000e+003  2.8307033e+000
  2.7325000e+003  2.7461679e+000
  2.7350000e+003  2.6316790e+000
  2.7375000e+003  2.4835261e+000
  2.7400000e+003  2.5358822e+000
  2.7425000e+003  2.3969895e+000
  2.7450000e+003  2.5111212e+000
  2.7475000e+003  2.4472842e+000
  2.7500000e+003  2.4949548e+000
  2.7525000e+003  2.5698100e+000
  2.7550000e+003  2.5493916e+000
  2.7575000e+003  2.5215748e+000
  2.7600000e+003  2.6285311e+000
  2.7625000e+003  2.6015380e+000
  2.7650000e+003  2.5982373e+000
  2.7675000e+003  2.5142236e+000
  2.7700000e+003  2.4869907e+000
  2.7725000e+003  2.6395744e+000
  2.7750000e+003  2.6737932e+000
  2.7775000e+003  2.5855298e+000
  2.7800000e+003  2.5357496e+000
  2.7825000e+003  2.5180437e+000
  2.7850000e+003  2.5481526e+000
  2.7875000e+003  2.5992108e+000
  2.7900000e+003  2.5697803e+000
  2.7925000e+003  2.6231265e+000
  2.7950000e+003  2.7749262e+000
  2.7975000e+003  2.7562505e+000
  2.8000000e+003  2.8581218e+000
  2.8025000e+003  3.0956048e+000
  2.8050000e+003  3.1436490e+000
  2.8075000e+003  3.0863166e+000
  2.8100000e+003  3.0107716e+000
  2.8125000e+003  3.0200199e+000
  2.8150000e+003  2.9925713e+000
  2.8175000e+003  2.8118381e+000
  2.8200000e+003  2.7417879e+000
  2.8225000e+003  2.6153112e+000
  2.8250000e+003  2.5073503e+000
  2.8275000e+003  2.4753794e+000
  2.8300000e+003  2.5199044e+000
  2.8325000e+003  2.4676873e+000
  2.8350000e+003  2.5293326e+000
  2.8375000e+003  2.6277549e+000
  2.8400000e+003  2.6963816e+000
  2.8425000e+003  2.7798483e+000
  2.8450000e+003  2.7363299e+000
  2.8475000e+003  2.8604454e+000
  2.8500000e+003  2.7604599e+000
  2.8525000e+003  2.7832859e+000
  2.8550000e+003  2.7994254e+000
  2.8575000e+003  2.6910116e+000
  2.8600000e+003  2.5528255e+000
  2.8625000e+003  2.6078655e+000
  2.8650000e+003  2.7306253e+000
  2.8675000e+003  2.6687802e+000
  2.8700000e+003  2.6607425e+000
  2.8725000e+003  2.5885715e+000
  2.8750000e+003  2.5858338e+000
  2.8775000e+003  2.8315318e+000
  2.8800000e+003  2.8356910e+000
  2.8825000e+003  2.8124988e+000
  2.8850000e+003  2.8588588e+000
  2.8875000e+003  2.8230952e+000
  2.8900000e+003  2.8464004e+000
  2.8925000e+003  2.6996517e+000
  2.8950000e+003  2.6489315e+000
  2.8975000e+003  2.5024911e+000
  2.9000000e+003  2.5815800e+000
  2.9025000e+003  2.5746538e+000
  2.9050000e+003  2.6770169e+000
  2.9075000e+003  2.6392638e+000
  2.9100000e+003  2.6328297e+000
  2.9125000e+003  2.6603236e+000
  2.9150000e+003  2.8510043e+000
  2.9175000e+003  2.7668078e+000
  2.9200000e+003  2.8700590e+000
  2.9225000e+003  2.8594080e+000
  2.9250000e+003  2.8627777e+000
  2.9275000e+003  2.6862254e+000
  2.9300000e+003  2.7883991e+000
  2.9325000e+003  2.8733120e+000
  2.9350000e+003  2.6743283e+000
  2.9375000e+003  2.5379951e+000
  2.9400000e+003  2.4539158e+000
  2.9425000e+003  2.3112195e+000
  2.9450000e+003  2.3071019e+000
  2.9475000e+003  2.4208807e+000
  2.9500000e+003  2.2944960e+000
  2.9525000e+003  2.2769773e+000
  2.9550000e+003  2.5151320e+000
  2.9575000e+003  2.5889920e+000
  2.9600000e+003  2.4389292e+000
  2.9625000e+003  2.5445972e+000
  2.9650000e+003  2.5223691e+000
  2.9675000e+003  2.7114677e+000
  2.9700000e+003  2.6642545e+000
  2.9725000e+003  2.6875223e+000
  2.9750000e+003  2.8420688e+000
  2.9775000e+003  2.7869792e+000
  2.9800000e+003  2.8091793e+000
  2.9825000e+003  2.6244983e+000
  2.9850000e+003  2.4314431e+000
  2.9875000e+003  2.5106454e+000
  2.9900000e+003  2.5366583e+000
  2.9925000e+003  2.5678833e+000
  2.9950000e+003  2.5612429e+000
  2.9975000e+003  2.5819923e+000
  3.0000000e+003  2.7191878e+000
  3.0050000e+003  2.8013383e+000
  3.0100000e+003  2.8179376e+000
  3.0150000e+003  2.8751188e+000
  3.0200000e+003  2.8507821e+000
  3.0250000e+003  2.6807170e+000
  3.0300000e+003  2.4886472e+000
  3.0350000e+003  2.4501526e+000
  3.0400000e+003  2.5876883e+000
  3.0450000e+003  2.6721116e+000
  3.0500000e+003  2.6875257e+000
  3.0550000e+003  2.5021354e+000
  3.0600000e+003  2.3088356e+000
  3.0650000e+003  2.4068984e+000
  3.0700000e+003  2.4470466e+000
  3.0750000e+003  2.4621103e+000
  3.0800000e+003  2.4457402e+000
  3.0850000e+003  2.3033510e+000
  3.0900000e+003  2.5415958e+000
  3.0950000e+003  2.5424656e+000
  3.1000000e+003  2.4419102e+000
  3.1050000e+003  2.4223676e+000
  3.1100000e+003  2.4864357e+000
  3.1150000e+003  2.5828861e+000
  3.1200000e+003  2.6196898e+000
  3.1250000e+003  2.6968620e+000
  3.1300000e+003  2.7420625e+000
  3.1350000e+003  2.8122036e+000
  3.1400000e+003  2.7359954e+000
  3.1450000e+003  2.7069363e+000
  3.1500000e+003  2.5176144e+000
  3.1550000e+003  2.3098866e+000
  3.1600000e+003  2.3669072e+000
  3.1650000e+003  2.3996238e+000
  3.1700000e+003  2.5004683e+000
  3.1750000e+003  2.5543391e+000
  3.1800000e+003  2.5165070e+000
  3.1850000e+003  2.4386198e+000
  3.1900000e+003  2.3101450e+000
  3.1950000e+003  2.4494194e+000
  3.2000000e+003  2.3772684e+000
  3.2050000e+003  2.3611073e+000
  3.2100000e+003  2.3775964e+000
  3.2150000e+003  2.5606935e+000
  3.2200000e+003  2.4862616e+000
  3.2250000e+003  2.5656707e+000
  3.2300000e+003  2.4850926e+000
  3.2350000e+003  2.6019552e+000
  3.2400000e+003  2.3989163e+000
  3.2450000e+003  2.3981811e+000
  3.2500000e+003  2.3923153e+000
  3.2550000e+003  2.5259641e+000
  3.2600000e+003  2.5158495e+000
  3.2650000e+003  2.6758285e+000
  3.2700000e+003  2.6347709e+000
  3.2750000e+003  2.6945572e+000
  3.2800000e+003  2.6152834e+000
  3.2850000e+003  2.7585501e+000
  3.2900000e+003  3.0142089e+000
  3.2950000e+003  3.0998335e+000
  3.3000000e+003  3.0667401e+000
  3.3050000e+003  2.7790794e+000
  3.3100000e+003  2.7294698e+000
  3.3150000e+003  2.5825278e+000
  3.3200000e+003  2.4642143e+000
  3.3250000e+003  2.5649683e+000
  3.3300000e+003  2.5689160e+000
  3.3350000e+003  2.6098669e+000
  3.3400000e+003  2.7655027e+000
  3.3450000e+003  2.6672714e+000
  3.3500000e+003  2.5401859e+000
  3.3550000e+003  2.5798960e+000
  3.3600000e+003  2.5345210e+000
  3.3650000e+003  2.4691329e+000
  3.3700000e+003  2.5134513e+000
  3.3750000e+003  2.7057669e+000
  3.3800000e+003  2.7055803e+000
  3.3850000e+003  2.6061912e+000
  3.3900000e+003  2.5170370e+000
  3.3950000e+003  2.4387836e+000
  3.4000000e+003  2.4896365e+000
  3.4050000e+003  2.5030382e+000
  3.4100000e+003  2.4426489e+000
  3.4150000e+003  2.3450364e+000
  3.4200000e+003  2.4604424e+000
  3.4250000e+003  2.5570021e+000
  3.4300000e+003  2.4736667e+000
  3.4350000e+003  2.2581361e+000
  3.4400000e+003  2.2583242e+000
  3.4450000e+003  2.4048990e+000
  3.4500000e+003  2.4838495e+000
  3.4550000e+003  2.3935973e+000
  3.4600000e+003  2.4346941e+000
  3.4650000e+003  2.5869631e+000
  3.4700000e+003  2.4459910e+000
  3.4750000e+003  2.2801023e+000
  3.4800000e+003  2.2452715e+000
  3.4850000e+003  2.3602456e+000
  3.4900000e+003  2.3428845e+000
  3.4950000e+003  2.4180876e+000
  3.5000000e+003  2.2922994e+000
  3.5050000e+003  2.3129313e+000
  3.5100000e+003  2.3305883e+000
  3.5150000e+003  2.3975594e+000
  3.5200000e+003  2.4659487e+000
  3.5250000e+003  2.5410704e+000
  3.5300000e+003  2.4996644e+000
  3.5350000e+003  2.3652515e+000
  3.5400000e+003  2.2815599e+000
  3.5450000e+003  2.3656531e+000
  3.5500000e+003  2.4682735e+000
  3.5550000e+003  2.4815331e+000
  3.5600000e+003  2.4967421e+000
  3.5650000e+003  2.4149411e+000
  3.5700000e+003  2.2493019e+000
  3.5750000e+003  2.3017716e+000
  3.5800000e+003  2.5429443e+000
  3.5850000e+003  2.5161520e+000
  3.5900000e+003  2.5101678e+000
  3.5950000e+003  2.3479183e+000
  3.6000000e+003  2.3583331e+000
  3.6050000e+003  2.4517072e+000
  3.6100000e+003  2.2924667e+000
  3.6150000e+003  2.3966619e+000
  3.6200000e+003  2.5593431e+000
  3.6250000e+003  2.6872683e+000
  3.6300000e+003  2.7687370e+000
  3.6350000e+003  2.6477526e+000
  3.6400000e+003  2.4050003e+000
  3.6450000e+003  2.3435776e+000
  3.6500000e+003  2.3183600e+000
  3.6550000e+003  2.5016817e+000
  3.6600000e+003  2.5380652e+000
  3.6650000e+003  2.7622558e+000
  3.6700000e+003  2.8069350e+000
  3.6750000e+003  2.5727719e+000
  3.6800000e+003  2.4082411e+000
  3.6850000e+003  2.3390921e+000
  3.6900000e+003  2.2808308e+000
  3.6950000e+003  2.3759602e+000
  3.7000000e+003  2.4124967e+000
  3.7050000e+003  2.4611868e+000
  3.7100000e+003  2.6445838e+000
  3.7150000e+003  2.6538472e+000
  3.7200000e+003  2.3330369e+000
  3.7250000e+003  2.1912437e+000
  3.7300000e+003  2.3558312e+000
  3.7350000e+003  2.2927318e+000
  3.7400000e+003  2.3244687e+000
  3.7450000e+003  2.5594305e+000
  3.7500000e+003  2.4418767e+000
  3.7550000e+003  2.3370026e+000
  3.7600000e+003  2.2904393e+000
  3.7650000e+003  2.2473234e+000
  3.7700000e+003  2.4476806e+000
  3.7750000e+003  2.4368565e+000
  3.7800000e+003  2.4111152e+000
  3.7850000e+003  2.3326213e+000
  3.7900000e+003  2.4171481e+000
  3.7950000e+003  2.5703251e+000
  3.8000000e+003  2.3617195e+000
  3.8050000e+003  2.4623308e+000
  3.8100000e+003  2.4054534e+000
  3.8150000e+003  2.3627024e+000
  3.8200000e+003  2.3509891e+000
  3.8250000e+003  2.5843178e+000
  3.8300000e+003  2.6207410e+000
  3.8350000e+003  2.4126606e+000
  3.8400000e+003  2.2165911e+000
  3.8450000e+003  2.2357261e+000
  3.8500000e+003  2.2646167e+000
  3.8550000e+003  2.2528410e+000
  3.8600000e+003  2.2488449e+000
  3.8650000e+003  2.5282455e+000
  3.8700000e+003  2.5154082e+000
  3.8750000e+003  2.6067820e+000
  3.8800000e+003  2.3681802e+000
  3.8850000e+003  2.3137010e+000
  3.8900000e+003  2.2497589e+000
  3.8950000e+003  2.4177238e+000
  3.9000000e+003  2.2847660e+000
  3.9050000e+003  2.2835858e+000
  3.9100000e+003  2.2289791e+000
  3.9150000e+003  2.4276367e+000
  3.9200000e+003  2.4413771e+000
  3.9250000e+003  2.2660830e+000
  3.9300000e+003  2.2512576e+000
  3.9350000e+003  2.1913801e+000
  3.9400000e+003  2.3271942e+000
  3.9450000e+003  2.3959929e+000
  3.9500000e+003  2.3763785e+000
  3.9550000e+003  2.2617953e+000
  3.9600000e+003  2.2495946e+000
  3.9650000e+003  2.3013707e+000
  3.9700000e+003  2.3659870e+000
  3.9750000e+003  2.3676184e+000
  3.9800000e+003  2.4150550e+000
  3.9850000e+003  2.4181535e+000
  3.9900000e+003  2.6021777e+000
  3.9950000e+003  2.6562525e+000
  4.0000000e+003  2.5921269e+000
  4.0050000e+003  2.5218524e+000
  4.0100000e+003  2.3242473e+000
  4.0150000e+003  2.3091877e+000
  4.0200000e+003  2.4272781e+000
  4.0250000e+003  2.3782935e+000
  4.0300000e+003  2.4754870e+000
  4.0350000e+003  2.5288208e+000
  4.0400000e+003  2.5633852e+000
  4.0450000e+003  2.5249870e+000
  4.0500000e+003  2.4204120e+000
  4.0550000e+003  2.4173388e+000
  4.0600000e+003  2.4581210e+000
  4.0650000e+003  2.3716156e+000
  4.0700000e+003  2.4444227e+000
  4.0750000e+003  2.3838479e+000
  4.0800000e+003  2.3748763e+000
  4.0850000e+003  2.3919026e+000
  4.0900000e+003  2.4318761e+000
  4.0950000e+003  2.4341541e+000
  4.1000000e+003  2.2300896e+000
  4.1050000e+003  2.2426981e+000
  4.1100000e+003  2.2338872e+000
  4.1150000e+003  2.2744322e+000
  4.1200000e+003  2.3020338e+000
  4.1250000e+003  2.3564040e+000
  4.1300000e+003  2.1823725e+000
  4.1350000e+003  2.3366799e+000
  4.1400000e+003  2.2777739e+000
  4.1450000e+003  2.3376104e+000
  4.1500000e+003  2.4716222e+000
  4.1550000e+003  2.5241647e+000
  4.1600000e+003  2.4716461e+000
  4.1650000e+003  2.3601171e+000
  4.1700000e+003  2.4233406e+000
  4.1750000e+003  2.3539854e+000
  4.1800000e+003  2.2329891e+000
  4.1850000e+003  2.2153178e+000
  4.1900000e+003  2.3065955e+000
  4.1950000e+003  2.4007085e+000
  4.2000000e+003  2.4656391e+000
  4.2050000e+003  2.4021408e+000
  4.2100000e+003  2.3590495e+000
  4.2150000e+003  2.2061818e+000
  4.2200000e+003  2.3578707e+000
  4.2250000e+003  2.3441747e+000
  4.2300000e+003  2.2725196e+000
  4.2350000e+003  2.3912883e+000
  4.2400000e+003  2.3913329e+000
  4.2450000e+003  2.4242372e+000
  4.2500000e+003  2.3527878e+000
  4.2550000e+003  2.4569031e+000
  4.2600000e+003  2.3119531e+000
  4.2650000e+003  2.3183462e+000
  4.2700000e+003  2.2393573e+000
  4.2750000e+003  2.4209533e+000
  4.2800000e+003  2.2564655e+000
  4.2850000e+003  2.3076290e+000
  4.2900000e+003  2.3760720e+000
  4.2950000e+003  2.3895548e+000
  4.3000000e+003  2.3951350e+000
  4.3050000e+003  2.2360786e+000
  4.3100000e+003  2.2199960e+000
  4.3150000e+003  2.2145418e+000
  4.3200000e+003  2.2042618e+000
  4.3250000e+003  2.1873220e+000
  4.3300000e+003  2.3613249e+000
  4.3350000e+003  2.2134513e+000
  4.3400000e+003  2.0889004e+000
  4.3450000e+003  2.2321667e+000
  4.3500000e+003  2.2007134e+000
  4.3550000e+003  2.2486288e+000
  4.3600000e+003  2.3855313e+000
  4.3650000e+003  2.4342888e+000
  4.3700000e+003  2.3149889e+000
  4.3750000e+003  2.2543131e+000
  4.3800000e+003  2.3414389e+000
  4.3850000e+003  2.1173840e+000
  4.3900000e+003  2.1896103e+000
  4.3950000e+003  2.2964582e+000
  4.4000000e+003  2.3451406e+000
  4.4050000e+003  2.4437694e+000
  4.4100000e+003  2.3853625e+000
  4.4150000e+003  2.4874543e+000
  4.4200000e+003  2.3316899e+000
  4.4250000e+003  2.3008637e+000
  4.4300000e+003  2.2414967e+000
  4.4350000e+003  2.2776922e+000
  4.4400000e+003  2.2384089e+000
  4.4450000e+003  2.2633304e+000
  4.4500000e+003  2.3872477e+000
  4.4550000e+003  2.3091775e+000
  4.4600000e+003  2.2127006e+000
  4.4650000e+003  2.2084622e+000
  4.4700000e+003  2.2285536e+000
  4.4750000e+003  2.2203809e+000
  4.4800000e+003  2.3135778e+000
  4.4850000e+003  2.2772236e+000
  4.4900000e+003  2.4596946e+000
  4.4950000e+003  2.4611197e+000
  4.5000000e+003  2.4799802e+000
  4.5050000e+003  2.4260026e+000
  4.5100000e+003  2.2868209e+000
  4.5150000e+003  2.3518232e+000
  4.5200000e+003  2.1461583e+000
  4.5250000e+003  2.3719947e+000
  4.5300000e+003  2.4039186e+000
  4.5350000e+003  2.4535868e+000
  4.5400000e+003  2.2285251e+000
  4.5450000e+003  2.1723183e+000
  4.5500000e+003  2.2418374e+000
  4.5550000e+003  2.2626064e+000
  4.5600000e+003  2.3799966e+000
  4.5650000e+003  2.2909990e+000
  4.5700000e+003  2.3398635e+000
  4.5750000e+003  2.5237436e+000
  4.5800000e+003  2.4698964e+000
  4.5850000e+003  2.4620199e+000
  4.5900000e+003  2.3569938e+000
  4.5950000e+003  2.3631021e+000
  4.6000000e+003  2.3397935e+000
  4.6050000e+003  2.4462362e+000
  4.6100000e+003  2.5049131e+000
  4.6150000e+003  2.4108800e+000
  4.6200000e+003  2.4036708e+000
  4.6250000e+003  2.3702404e+000
  4.6300000e+003  2.3794820e+000
  4.6350000e+003  2.3088677e+000
  4.6400000e+003  2.3067389e+000
  4.6450000e+003  2.2948276e+000
  4.6500000e+003  2.4485276e+000
  4.6550000e+003  2.4859215e+000
  4.6600000e+003  2.2438013e+000
  4.6650000e+003  2.3329998e+000
  4.6700000e+003  2.2187391e+000
  4.6750000e+003  2.2801068e+000
  4.6800000e+003  2.2212947e+000
  4.6850000e+003  2.4158939e+000
  4.6900000e+003  2.5330018e+000
  4.6950000e+003  2.4425831e+000
  4.7000000e+003  2.4866756e+000
  4.7050000e+003  2.3272971e+000
  4.7100000e+003  2.2832107e+000
  4.7150000e+003  2.3941750e+000
  4.7200000e+003  2.3053835e+000
  4.7250000e+003  2.4917804e+000
  4.7300000e+003  2.4991516e+000
  4.7350000e+003  2.4502809e+000
  4.7400000e+003  2.2659235e+000
  4.7450000e+003  2.3231013e+000
  4.7500000e+003  2.3989482e+000
  4.7550000e+003  2.2194963e+000
  4.7600000e+003  2.2815813e+000
  4.7650000e+003  2.3587512e+000
  4.7700000e+003  2.5626918e+000
  4.7750000e+003  2.5276147e+000
  4.7800000e+003  2.3631578e+000
  4.7850000e+003  2.3452306e+000
  4.7900000e+003  2.2870254e+000
  4.7950000e+003  2.3170877e+000
  4.8000000e+003  2.3535598e+000
  4.8050000e+003  2.3543023e+000
  4.8100000e+003  2.5086420e+000
  4.8150000e+003  2.5131381e+000
  4.8200000e+003  2.3932141e+000
  4.8250000e+003  2.1904873e+000
  4.8300000e+003  2.2114313e+000
  4.8350000e+003  2.3157097e+000
  4.8400000e+003  2.3985997e+000
  4.8450000e+003  2.5969383e+000
  4.8500000e+003  2.6645526e+000
  4.8550000e+003  2.4397131e+000
  4.8600000e+003  2.4227954e+000
  4.8650000e+003  2.3377059e+000
  4.8700000e+003  2.2356189e+000
  4.8750000e+003  2.2212092e+000
  4.8800000e+003  2.2692015e+000
  4.8850000e+003  2.5367242e+000
  4.8900000e+003  2.6283873e+000
  4.8950000e+003  2.6589054e+000
  4.9000000e+003  2.5129981e+000
  4.9050000e+003  2.3891338e+000
  4.9100000e+003  2.2142102e+000
  4.9150000e+003  2.2113283e+000
  4.9200000e+003  2.3186173e+000
  4.9250000e+003  2.1309827e+000
  4.9300000e+003  2.2729894e+000
  4.9350000e+003  2.3922303e+000
  4.9400000e+003  2.4300694e+000
  4.9450000e+003  2.3862991e+000
  4.9500000e+003  2.4066247e+000
  4.9550000e+003  2.1992513e+000
  4.9600000e+003  2.2189969e+000
  4.9650000e+003  2.2677573e+000
  4.9700000e+003  2.2882274e+000
  4.9750000e+003  2.3045703e+000
  4.9800000e+003  2.5260118e+000
  4.9850000e+003  2.3094453e+000
  4.9900000e+003  2.1012109e+000
  4.9950000e+003  2.2068990e+000
  5.0000000e+003  2.1543357e+000
  5.0050000e+003  2.3112491e+000
  5.0100000e+003  2.3028904e+000
  5.0150000e+003  2.2270904e+000
  5.0200000e+003  2.1005561e+000
  5.0250000e+003  2.1020037e+000
  5.0300000e+003  2.1304332e+000
  5.0350000e+003  2.1504921e+000
  5.0400000e+003  2.4178670e+000
  5.0450000e+003  2.5343440e+000
  5.0500000e+003  2.3998718e+000
  5.0550000e+003  2.4185153e+000
  5.0600000e+003  2.2083423e+000
  5.0650000e+003  2.2566177e+000
  5.0700000e+003  2.2880311e+000
  5.0750000e+003  2.0475361e+000
  5.0800000e+003  2.1360421e+000
  5.0850000e+003  2.1680305e+000
  5.0900000e+003  2.0200900e+000
  5.0950000e+003  2.2433080e+000
  5.1000000e+003  2.3625346e+000
  5.1050000e+003  2.4040161e+000
  5.1100000e+003  2.2766837e+000
  5.1150000e+003  2.2237181e+000
  5.1200000e+003  2.1567010e+000
  5.1250000e+003  2.0800985e+000
  5.1300000e+003  2.0380403e+000
  5.1350000e+003  2.0130442e+000
  5.1400000e+003  2.3025626e+000
  5.1450000e+003  2.2573730e+000
  5.1500000e+003  2.2518740e+000
  5.1550000e+003  2.2714394e+000
  5.1600000e+003  2.1750381e+000
  5.1650000e+003  2.3058271e+000
  5.1700000e+003  2.3810131e+000
  5.1750000e+003  2.5700185e+000
  5.1800000e+003  2.4685005e+000
  5.1850000e+003  2.3800104e+000
  5.1900000e+003  2.3584311e+000
  5.1950000e+003  2.1840647e+000
  5.2000000e+003  2.2194528e+000
  5.2050000e+003  2.3600267e+000
  5.2100000e+003  2.3202512e+000
  5.2150000e+003  2.2263825e+000
  5.2200000e+003  2.2006948e+000
  5.2250000e+003  2.2930299e+000
  5.2300000e+003  2.3353299e+000
  5.2350000e+003  2.1288975e+000
  5.2400000e+003  2.2844382e+000
  5.2450000e+003  2.3334352e+000
  5.2500000e+003  2.4159808e+000
  5.2550000e+003  2.4483737e+000
  5.2600000e+003  2.3684672e+000
  5.2650000e+003  2.3357480e+000
  5.2700000e+003  2.1624159e+000
  5.2750000e+003  2.2544619e+000
  5.2800000e+003  2.2477061e+000
  5.2850000e+003  2.1631280e+000
  5.2900000e+003  2.2775248e+000
  5.2950000e+003  2.3332042e+000
  5.3000000e+003  2.2676371e+000
  5.3050000e+003  2.1541528e+000
  5.3100000e+003  2.1504087e+000
  5.3150000e+003  2.2018764e+000
  5.3200000e+003  2.2650486e+000
  5.3250000e+003  2.0510408e+000

