   3.0328395e+00
   3.0924402e+00
   3.1520409e+00
   3.2109754e+00
   3.2699500e+00
   3.3271286e+00
   3.3841132e+00
   3.4448186e+00
   3.5262185e+00
   3.6250915e+00
   3.7414848e+00
   3.8629071e+00
   3.9853360e+00
   4.1058030e+00
   4.2267297e+00
   4.3517994e+00
   4.5941571e+00
   4.7464019e+00
   4.8388962e+00
   4.8666495e+00
   4.8408966e+00
   4.8204130e+00
   4.8058355e+00
   4.7919487e+00
   4.7808025e+00
   4.7686273e+00
   4.7572709e+00
   4.7459145e+00
   4.7345581e+00
   4.7232017e+00
   4.7118454e+00
   4.7004890e+00
   4.6891326e+00
   4.6777762e+00
   4.6664198e+00
   4.6550634e+00
   4.6437070e+00
   4.6323506e+00
   4.6209943e+00
   4.6096379e+00
   4.5982815e+00
   4.5869251e+00
   4.5755687e+00
   4.5642123e+00
   4.5528559e+00
   4.5414995e+00
   4.5301432e+00
   4.5187868e+00
   4.5074304e+00
   4.4960740e+00
   4.4847176e+00
   4.4733612e+00
   4.4620048e+00
   4.4506484e+00
   4.4392921e+00
   4.4279357e+00
   4.4165793e+00
   4.4052229e+00
   4.3938665e+00
   4.3825101e+00
   4.3711537e+00
   4.3597974e+00
   4.3484410e+00
   4.3370846e+00
   4.3257282e+00
   4.3143718e+00
   4.3030154e+00
   4.2916590e+00
   4.2803026e+00
   4.2689463e+00
   4.2575899e+00
   4.2462335e+00
   4.2348771e+00
   4.2235207e+00
   4.2121643e+00
   4.2008079e+00
   4.1894515e+00
   4.1780952e+00
   4.1667388e+00
   4.1553824e+00
   4.1440260e+00
   4.1326696e+00
   4.1213132e+00
   4.1099568e+00
   4.0986004e+00
   4.0872441e+00
   4.0758877e+00
   4.0645313e+00
   4.0531749e+00
   4.0418185e+00
   4.0304621e+00
   4.0191057e+00
   4.0077493e+00
   3.9963930e+00
   3.9850366e+00
   3.9736802e+00
   3.9623238e+00
   3.9509674e+00
   3.9396110e+00
   3.9282546e+00
   3.9168983e+00
   3.9055419e+00
   3.8941855e+00
   3.8828291e+00
   3.8714727e+00
   3.8601163e+00
   3.8487599e+00
   3.8374035e+00
   3.8260472e+00
   3.8146908e+00
   3.8033344e+00
   3.7919780e+00
   3.7806216e+00
   3.7692652e+00
   3.7579088e+00
   3.7442496e+00
   3.7194880e+00
   3.6891715e+00
   3.5156611e+00
   3.0681607e+00
   3.1264930e+00
   3.1848252e+00
   3.2431575e+00
   3.3014897e+00
   3.3598220e+00
   3.4181542e+00
   3.4764865e+00
   3.5375874e+00
   3.6076961e+00
   3.6996041e+00
   3.7625529e+00
   3.8314741e+00
   3.8970829e+00
   3.9592282e+00
   4.5067029e+00
   4.7710384e+00
   4.7855103e+00
   4.7864090e+00
   4.7789762e+00
   4.7709778e+00
   4.7626921e+00
   4.7540832e+00
   4.7456354e+00
   4.7371876e+00
   4.7287398e+00
   4.7202920e+00
   4.7118442e+00
   4.7033964e+00
   4.6949486e+00
   4.6865008e+00
   4.6780530e+00
   4.6696052e+00
   4.6611574e+00
   4.6527096e+00
   4.6442618e+00
   4.6358140e+00
   4.6273662e+00
   4.6189184e+00
   4.6104706e+00
   4.6020228e+00
   4.5935750e+00
   4.5851272e+00
   4.5766794e+00
   4.5682316e+00
   4.5597837e+00
   4.5513359e+00
   4.5428881e+00
   4.5344403e+00
   4.5259925e+00
   4.5175447e+00
   4.5090969e+00
   4.5006491e+00
   4.4922013e+00
   4.4837535e+00
   4.4753057e+00
   4.4668579e+00
   4.4584101e+00
   4.4499623e+00
   4.4415145e+00
   4.4330667e+00
   4.4246189e+00
   4.4161711e+00
   4.4077233e+00
   4.3992755e+00
   4.3908277e+00
   4.3823799e+00
   4.3739321e+00
   4.3654843e+00
   4.3570364e+00
   4.3485886e+00
   4.3356267e+00
   4.2165746e+00
   3.8623220e+00
   3.8447086e+00
   3.8115693e+00
   3.7930678e+00
   3.7811008e+00
   3.7702985e+00
   3.7653270e+00
   3.7395208e+00
   3.7342813e+00
   3.7300157e+00
   3.7272540e+00
   3.7244924e+00
   3.7217308e+00
   3.7189692e+00
   3.7162075e+00
   3.7134459e+00
   3.7106843e+00
   3.7075338e+00
   3.7048055e+00
   3.7020771e+00
   3.6993487e+00
   3.6966203e+00
   3.6938919e+00
   3.6911635e+00
   3.6916066e+00
   3.6926578e+00
   3.7236150e+00
   3.8520935e+00
   4.0338912e+00
   4.1430601e+00
   4.1411951e+00
   4.1367967e+00
   4.1323983e+00
   4.1279999e+00
   4.1236015e+00
   4.1192031e+00
   4.1148047e+00
   4.1104063e+00
   4.1060079e+00
   4.1003424e+00
   4.0820050e+00
   3.9613769e+00
   3.8924950e+00
   3.7565340e+00
   3.7276965e+00
   3.7243551e+00
   3.7222711e+00
   3.7201871e+00
   3.7181031e+00
   3.7160191e+00
   3.7139351e+00
   3.7131059e+00
   3.9348461e+00
   4.3252144e+00
   4.4262517e+00
   4.4454082e+00
   4.4644892e+00
   4.4712190e+00
   4.4767662e+00
   4.4785003e+00
   4.4799520e+00
   4.4813441e+00
   4.4827542e+00
   4.4838310e+00
   4.4847142e+00
   4.4852834e+00
   4.4854099e+00
   4.4836827e+00
   4.4798562e+00
   4.4735224e+00
   4.4651252e+00
   4.4540756e+00
   4.4425024e+00
   4.4310114e+00
   4.4188527e+00
   4.4027742e+00
   4.3862221e+00
   4.3735913e+00
   4.3608831e+00
   4.3480487e+00
   4.3311790e+00
   4.3150059e+00
   4.3017102e+00
   4.2875567e+00
   4.2736994e+00
   4.2590408e+00
   4.2440454e+00
   4.2300634e+00
   4.2150868e+00
   4.2015225e+00
   4.1879583e+00
   4.1743940e+00
   4.1608298e+00
   4.1472656e+00
   4.1337013e+00
   4.1201371e+00
   4.1065729e+00
   4.0930086e+00
   4.0794444e+00
   4.0658801e+00
   4.0523159e+00
   4.0387517e+00
   4.0251874e+00
   4.0116232e+00
   3.9980590e+00
   3.9844947e+00
   3.9709305e+00
   3.9573662e+00
   3.9438020e+00
   3.9302378e+00
   3.9166735e+00
   3.9031093e+00
   3.8895451e+00
   3.8759808e+00
   3.8624166e+00
   3.8488524e+00
   3.8352881e+00
   3.8205190e+00
   3.8061445e+00
   3.7916901e+00
   3.7781483e+00
   3.7646065e+00
   3.7510647e+00
   3.7375228e+00
   3.7239810e+00
   3.7104392e+00
   3.6968974e+00
   3.6806546e+00
   3.6655089e+00
   3.6361435e+00
   3.5790773e+00
   3.4682544e+00
   3.4078506e+00
   3.4034563e+00
   3.4006884e+00
   3.3979205e+00
   3.3951525e+00
   3.3923846e+00
   3.3896167e+00
   3.3868488e+00
   3.3840809e+00
   3.3822676e+00
   3.3917312e+00
   3.9066381e+00
   4.0936851e+00
   4.1067125e+00
   4.1197400e+00
   4.1440388e+00
   4.6952431e+00
   4.7359031e+00
   4.7213216e+00
   4.7063022e+00
   4.6900475e+00
   4.6737929e+00
   4.6575382e+00
   4.6412835e+00
   4.6250289e+00
   4.6087742e+00
   4.5925195e+00
   4.5762649e+00
   4.5600102e+00
   4.5437555e+00
   4.5275008e+00
   4.5112462e+00
   4.4949915e+00
   4.4787368e+00
   4.4624822e+00
   4.4462275e+00
   4.4299728e+00
   4.4137182e+00
   4.3974635e+00
   4.3812088e+00
   4.3649542e+00
   4.3486995e+00
   4.3324448e+00
   4.3161901e+00
   4.2999355e+00
   4.2836808e+00
   4.2674261e+00
   4.2511715e+00
   4.2349168e+00
   4.2186621e+00
   4.2024075e+00
   4.1861528e+00
   4.1698981e+00
   4.1536435e+00
   4.1373888e+00
   4.1211341e+00
   4.1048794e+00
   4.0886248e+00
   4.0723701e+00
   4.0561154e+00
   4.0398608e+00
   4.0236061e+00
   4.0073514e+00
   3.9910968e+00
   3.9748421e+00
   3.9585874e+00
   3.9423327e+00
   3.9260781e+00
   3.9098234e+00
   3.8935687e+00
   3.8773141e+00
   3.8596661e+00
   3.8407507e+00
   3.6631781e+00
   3.6008193e+00
   3.3391066e+00
   3.2192094e+00
   3.2089131e+00
   3.2166770e+00
   3.2255183e+00
   3.2343596e+00
   3.2432010e+00
   3.2520423e+00
   3.2608836e+00
   3.2697249e+00
   3.2785663e+00
   3.2874076e+00
   3.2962489e+00
   3.3050902e+00
   3.3167188e+00
   3.3577950e+00
   3.4270922e+00
   3.6371934e+00
   3.7900378e+00
   3.8488034e+00
   3.8930313e+00
   3.9185781e+00
   3.9395128e+00
   3.9543531e+00
   3.9703213e+00
   3.9851509e+00
   4.0020601e+00
   4.0168933e+00
   4.0317264e+00
   4.4792728e+00
   4.9803642e+00
   4.9847835e+00
   4.9720748e+00
   4.9561741e+00
   4.9402735e+00
   4.9243728e+00
   4.9084722e+00
   4.8925715e+00
   4.8766709e+00
   4.8607702e+00
   4.8448696e+00
   4.8289690e+00
   4.8130683e+00
   4.7971677e+00
   4.7812670e+00
   4.7653664e+00
   4.7494657e+00
   4.7335651e+00
   4.7176644e+00
   4.7017638e+00
   4.6858632e+00
   4.6699625e+00
   4.6540619e+00
   4.6381612e+00
   4.6222606e+00
   4.6063599e+00
   4.5904593e+00
   4.5745586e+00
   4.5586580e+00
   4.5427574e+00
   4.5268567e+00
   4.5109561e+00
   4.4950554e+00
   4.4791548e+00
   4.4632541e+00
   4.4473535e+00
   4.4314528e+00
   4.4155522e+00
   4.3996515e+00
   4.3837509e+00
   4.3678503e+00
   4.3519496e+00
   4.3360490e+00
   4.3201483e+00
   4.3042477e+00
   4.2883470e+00
   4.2724464e+00
   4.2565457e+00
   4.2406451e+00
   4.2247445e+00
   4.2088438e+00
   4.1929432e+00
   4.1770425e+00
   4.1611419e+00
   4.1442083e+00
   4.1283414e+00
   4.1124745e+00
   4.0890106e+00
   3.9877392e+00
   3.7903342e+00
   3.7399987e+00
   3.7369478e+00
   3.7378341e+00
   3.7387203e+00
   3.7396066e+00
   3.7404928e+00
   3.7413790e+00
   3.7422653e+00
   3.7431515e+00
   3.7440378e+00
   3.7449240e+00
