   2.5000000e+00   4.3600948e+00
   5.0000000e+00   4.6793653e+00
   7.5000000e+00   4.8980829e+00
   1.0000000e+01   4.9844831e+00
   1.2500000e+01   4.9259856e+00
   1.5000000e+01   4.7310181e+00
   1.7500000e+01   4.4277946e+00
   2.0000000e+01   4.0602241e+00
   2.2500000e+01   3.6815444e+00
   2.5000000e+01   3.3466026e+00
   2.7500000e+01   3.1039023e+00
   3.0000000e+01   2.9885713e+00
   3.2500000e+01   3.0172678e+00
   3.5000000e+01   3.1857650e+00
   3.7500000e+01   3.4695644e+00
   4.0000000e+01   3.8274471e+00
   4.2500000e+01   4.2074512e+00
   4.5000000e+01   4.5544052e+00
   4.7500000e+01   4.8179283e+00
   5.0000000e+01   4.9597344e+00
   5.2500000e+01   4.9591844e+00
   5.5000000e+01   4.8162779e+00
   5.7500000e+01   4.5516536e+00
   6.0000000e+01   4.2035966e+00
   6.2500000e+01   3.8224874e+00
   6.5000000e+01   3.4634966e+00
   6.7500000e+01   3.1785857e+00
   7.0000000e+01   3.0089727e+00
   7.2500000e+01   2.9791556e+00
   7.5000000e+01   3.0933605e+00
   7.7500000e+01   3.3349285e+00
   8.0000000e+01   3.6687313e+00
   8.2500000e+01   4.0462645e+00
   8.5000000e+01   4.4126803e+00
   8.7500000e+01   4.7147404e+00
   9.0000000e+01   4.9085350e+00
   9.2500000e+01   4.9658496e+00
   9.5000000e+01   4.8782555e+00
   9.7500000e+01   4.6583327e+00
   1.0000000e+02   4.3378447e+00
   1.0250000e+02   3.9631337e+00
   1.0500000e+02   3.5884010e+00
   1.0750000e+02   3.2678476e+00
   1.1000000e+02   3.0478158e+00
   1.1250000e+02   2.9600691e+00
   1.1500000e+02   3.0171873e+00
   1.1750000e+02   3.2107417e+00
   1.2000000e+02   3.5125176e+00
   1.2250000e+02   3.8786052e+00
   1.2500000e+02   4.2557659e+00
   1.2750000e+02   4.5891517e+00
   1.3000000e+02   4.8302582e+00
   1.3250000e+02   4.9439567e+00
   1.3500000e+02   4.9135881e+00
   1.3750000e+02   4.7433782e+00
   1.4000000e+02   4.4578247e+00
   1.4250000e+02   4.0981454e+00
   1.4500000e+02   3.7163013e+00
   1.4750000e+02   3.3674629e+00
   1.5000000e+02   3.1020101e+00
   1.5250000e+02   2.9582277e+00
   1.5500000e+02   2.9567540e+00
   1.5750000e+02   3.0975881e+00
   1.6000000e+02   3.3600904e+00
   1.6250000e+02   3.7059745e+00
   1.6500000e+02   4.0848590e+00
   1.6750000e+02   4.4415718e+00
   1.7000000e+02   4.7241505e+00
   1.7250000e+02   4.8913758e+00
   1.7500000e+02   4.9187483e+00
   1.7750000e+02   4.8020409e+00
   1.8000000e+02   4.5579110e+00
   1.8250000e+02   4.2214857e+00
   1.8500000e+02   3.8412682e+00
   1.8750000e+02   3.4721047e+00
   1.9000000e+02   3.1672323e+00
   1.9250000e+02   2.9705593e+00
   1.9500000e+02   2.9102989e+00
   1.9750000e+02   2.9948781e+00
   2.0000000e+02   3.2117158e+00
   2.0250000e+02   3.5290466e+00
   2.0500000e+02   3.9005270e+00
   2.0750000e+02   4.2719541e+00
   2.1000000e+02   4.5891254e+00
   2.1250000e+02   4.8056970e+00
   2.1500000e+02   4.8899035e+00
   2.1750000e+02   4.8291639e+00
   2.2000000e+02   4.6319049e+00
   2.2250000e+02   4.3263395e+00
   2.2500000e+02   3.9563760e+00
   2.2750000e+02   3.5752510e+00
   2.3000000e+02   3.2378108e+00
   2.3250000e+02   2.9925582e+00
   2.3500000e+02   2.8746199e+00
   2.3750000e+02   2.9006531e+00
   2.4000000e+02   3.0664303e+00
   2.4250000e+02   3.3474517e+00
   2.4500000e+02   3.7024977e+00
   2.4750000e+02   4.0796054e+00
   2.5000000e+02   4.4236023e+00
   2.5250000e+02   4.6841065e+00
   2.5500000e+02   4.8228312e+00
   2.5750000e+02   4.8191362e+00
   2.6000000e+02   4.6730200e+00
   2.6250000e+02   4.4051206e+00
   2.6500000e+02   4.0537220e+00
   2.6750000e+02   3.6692037e+00
   2.7000000e+02   3.3067354e+00
   2.7250000e+02   3.0182777e+00
   2.7500000e+02   2.8450476e+00
   2.7750000e+02   2.8115422e+00
   2.8000000e+02   2.9219868e+00
   2.8250000e+02   3.1597214e+00
   2.8500000e+02   3.4896170e+00
   2.8750000e+02   3.8631681e+00
   2.9000000e+02   4.2255262e+00
   2.9250000e+02   4.5234521e+00
   2.9500000e+02   4.7130353e+00
   2.9750000e+02   4.7660602e+00
   3.0000000e+02   4.6740978e+00
   3.0250000e+02   4.4497268e+00
   3.0500000e+02   4.1247104e+00
   3.0750000e+02   3.7453899e+00
   3.1000000e+02   3.3659660e+00
   3.1250000e+02   3.0406390e+00
   3.1500000e+02   2.8157506e+00
   3.1750000e+02   2.7230638e+00
   3.2000000e+02   2.7751578e+00
   3.2250000e+02   2.9636035e+00
   3.2500000e+02   3.2601858e+00
   3.2750000e+02   3.6209942e+00
   3.3000000e+02   3.9927901e+00
   3.3250000e+02   4.3207251e+00
   3.3500000e+02   4.5562944e+00
   3.3750000e+02   4.6643692e+00
   3.4000000e+02   4.6282903e+00
   3.4250000e+02   4.4522833e+00
   3.4500000e+02   4.1608461e+00
   3.4750000e+02   3.7951964e+00
   3.5000000e+02   3.4072954e+00
   3.5250000e+02   3.0523137e+00
   3.5500000e+02   2.7806314e+00
   3.5750000e+02   2.6305338e+00
   3.6000000e+02   2.6226595e+00
   3.6250000e+02   2.7570081e+00
   3.6500000e+02   3.0129406e+00
   3.6750000e+02   3.3521712e+00
   3.7000000e+02   3.7243193e+00
   3.7250000e+02   4.0742136e+00
   3.7500000e+02   4.3498926e+00
   3.7750000e+02   4.5101380e+00
   3.8000000e+02   4.5304517e+00
   3.8250000e+02   4.4066075e+00
   3.8500000e+02   4.1552643e+00
   3.8750000e+02   3.8115506e+00
   3.9000000e+02   3.4239710e+00
   3.9250000e+02   3.0473734e+00
   3.9500000e+02   2.7349966e+00
   3.9750000e+02   2.5307507e+00
   4.0000000e+02   2.4628510e+00
   4.0250000e+02   2.5397263e+00
   4.0500000e+02   2.7487979e+00
   4.0750000e+02   3.0583025e+00
   4.1000000e+02   3.4218990e+00
   4.1250000e+02   3.7853871e+00
   4.1500000e+02   4.0945668e+00
   4.1750000e+02   4.3030970e+00
   4.2000000e+02   4.3792151e+00
   4.2250000e+02   4.3103430e+00
   4.2500000e+02   4.1049106e+00
   4.2750000e+02   3.7911340e+00
   4.3000000e+02   3.4129248e+00
   4.3250000e+02   3.0235231e+00
   4.3500000e+02   2.6777785e+00
   4.3750000e+02   2.4241975e+00
   4.4000000e+02   2.2979105e+00
   4.4250000e+02   2.3155787e+00
   4.4500000e+02   2.4729783e+00
   4.4750000e+02   2.7456137e+00
   4.5000000e+02   3.0922694e+00
   4.5250000e+02   3.4609865e+00
   4.5500000e+02   3.7965971e+00
   4.5750000e+02   4.0487236e+00
   4.6000000e+02   4.1790836e+00
   4.6250000e+02   4.1670415e+00
   4.6500000e+02   4.0126006e+00
   4.6750000e+02   3.7364033e+00
   4.7000000e+02   3.3767385e+00
   4.7250000e+02   2.9839907e+00
   4.7500000e+02   2.6133343e+00
   4.7750000e+02   2.3167349e+00
   4.8000000e+02   2.1354145e+00
   4.8250000e+02   2.0938753e+00
   4.8500000e+02   2.1963474e+00
   4.8750000e+02   2.4261763e+00
   4.9000000e+02   2.7482378e+00
   4.9250000e+02   3.0757571e+00
   4.9500000e+02   3.2468547e+00
   4.9750000e+02   3.3857760e+00
   5.0000000e+02   3.4705700e+00
   5.0500000e+02   3.4312570e+00
   5.1000000e+02   3.1369502e+00
   5.1500000e+02   2.7382318e+00
   5.2000000e+02   2.4440802e+00
   5.2500000e+02   2.4050770e+00
   5.3000000e+02   2.6292550e+00
   5.3500000e+02   2.9776251e+00
   5.4000000e+02   3.2418808e+00
   5.4500000e+02   3.2608483e+00
   5.5000000e+02   3.0105907e+00
   5.5500000e+02   2.6178021e+00
   5.6000000e+02   2.2890047e+00
   5.6500000e+02   2.1951249e+00
   5.7000000e+02   2.3759651e+00
   5.7500000e+02   2.7179672e+00
   5.8000000e+02   3.0176975e+00
   5.8500000e+02   3.0955668e+00
   5.9000000e+02   2.8962222e+00
   5.9500000e+02   2.5194950e+00
   6.0000000e+02   2.1646062e+00
   6.0500000e+02   2.0188171e+00
   6.1000000e+02   2.1527635e+00
   6.1500000e+02   2.4809782e+00
   6.2000000e+02   2.8096667e+00
   6.2500000e+02   2.9450334e+00
   6.3000000e+02   2.8016066e+00
   6.3500000e+02   2.4500154e+00
   6.4000000e+02   2.0775110e+00
   6.4500000e+02   1.8833021e+00
   6.5000000e+02   1.9672046e+00
   6.5500000e+02   2.2738479e+00
   6.6000000e+02   2.6236226e+00
   6.6500000e+02   2.8130721e+00
   6.7000000e+02   2.7286132e+00
   6.7500000e+02   2.4100212e+00
   6.8000000e+02   2.0281928e+00
   6.8500000e+02   1.7896190e+00
   6.9000000e+02   1.8209608e+00
   6.9500000e+02   2.0982464e+00
   7.0000000e+02   2.4602658e+00
   7.0500000e+02   2.6986748e+00
   7.1000000e+02   2.6744455e+00
   7.1500000e+02   2.3955710e+00
   7.2000000e+02   2.0125924e+00
   7.2500000e+02   1.7344471e+00
   7.3000000e+02   1.7116759e+00
   7.3500000e+02   1.9522716e+00
   7.4000000e+02   2.3172057e+00
   7.4500000e+02   2.5981332e+00
   7.5000000e+02   2.6338431e+00
   7.5500000e+02   2.4003623e+00
   7.6000000e+02   2.0243501e+00
   7.6500000e+02   1.7122953e+00
   7.7000000e+02   1.6350926e+00
   7.7500000e+02   1.8325140e+00
   7.8000000e+02   2.1909730e+00
   7.8500000e+02   2.5070091e+00
   7.9000000e+02   2.6010082e+00
   7.9500000e+02   2.4175942e+00
   8.0000000e+02   2.0565771e+00
   8.0500000e+02   1.7171583e+00
   8.1000000e+02   1.5865814e+00
   8.1500000e+02   1.7354663e+00
   8.2000000e+02   2.0783314e+00
   8.2500000e+02   2.4213700e+00
   8.3000000e+02   2.5707755e+00
   8.3500000e+02   2.4410669e+00
   8.4000000e+02   2.1028656e+00
   8.4500000e+02   1.7434165e+00
   8.5000000e+02   1.5619234e+00
   8.5500000e+02   1.6581987e+00
   8.6000000e+02   1.9768693e+00
   8.6500000e+02   2.3383247e+00
   8.7000000e+02   2.5391082e+00
   8.7500000e+02   2.4656375e+00
   8.8000000e+02   2.1576893e+00
   8.8500000e+02   1.7861633e+00
   8.9000000e+02   1.5575539e+00
   8.9500000e+02   1.5985258e+00
   9.0000000e+02   1.8851121e+00
   9.0500000e+02   2.2561080e+00
   9.1000000e+02   2.5031750e+00
   9.1500000e+02   2.4872913e+00
   9.2000000e+02   2.2164566e+00
   9.2500000e+02   1.8412187e+00
   9.3000000e+02   1.5705220e+00
   9.3500000e+02   1.5549147e+00
   9.4000000e+02   1.8023970e+00
   9.4500000e+02   2.1739478e+00
   9.5000000e+02   2.4612300e+00
   9.5500000e+02   2.5030402e+00
   9.6000000e+02   2.2754129e+00
   9.6500000e+02   1.9050153e+00
   9.7000000e+02   1.5983439e+00
   9.7500000e+02   1.5263008e+00
   9.8000000e+02   1.7286658e+00
   9.8500000e+02   2.0918598e+00
   9.9000000e+02   2.4124295e+00
   9.9500000e+02   2.5107682e+00
