   3.0797466e+00
   3.1791931e+00
   3.2786396e+00
   3.3780861e+00
   3.4775326e+00
   3.5769791e+00
   3.6764256e+00
   3.7758721e+00
   3.8753186e+00
   3.9747651e+00
   4.0742116e+00
   4.1736581e+00
   4.2731046e+00
   4.3725511e+00
   4.4719976e+00
   4.5714441e+00
   4.6708906e+00
   4.7703371e+00
   4.8697836e+00
   4.9692301e+00
   4.9511224e+00
   4.9330146e+00
   4.9149068e+00
   4.8967990e+00
   4.8786913e+00
   4.8605835e+00
   4.8424757e+00
   4.8243680e+00
   4.8062602e+00
   4.7881524e+00
   4.7700446e+00
   4.7519369e+00
   4.7338291e+00
   4.7157213e+00
   4.6976135e+00
   4.6795058e+00
   4.6613980e+00
   4.6432902e+00
   4.6251824e+00
   4.6070747e+00
   4.5889669e+00
   4.5708591e+00
   4.5527513e+00
   4.5346436e+00
   4.5165358e+00
   4.4984280e+00
   4.4803202e+00
   4.4622125e+00
   4.4441047e+00
   4.4259969e+00
   4.4078891e+00
   4.3897814e+00
   4.3716736e+00
   4.3535658e+00
   4.3354580e+00
   4.3173503e+00
   4.2992425e+00
   4.2811347e+00
   4.2630269e+00
   4.2449192e+00
   4.2268114e+00
   4.2087036e+00
   4.1905958e+00
   4.1724881e+00
   4.1543803e+00
   4.1362725e+00
   4.1181647e+00
   4.1000570e+00
   4.0819492e+00
   4.0638414e+00
   4.0457337e+00
   4.0276259e+00
   4.0095181e+00
   3.9914103e+00
   3.9733026e+00
   3.9551948e+00
   3.9370870e+00
   3.9189792e+00
   3.9008715e+00
   3.8827637e+00
   3.8646559e+00
   3.8465481e+00
   3.8284404e+00
   3.8103326e+00
   3.7922248e+00
   3.7741170e+00
   3.7560093e+00
   3.7379015e+00
   3.7197937e+00
   3.7016859e+00
   3.6835782e+00
   3.6654704e+00
   3.6473626e+00
   3.6292548e+00
   3.6111471e+00
   3.5930393e+00
   3.5749315e+00
   3.5568237e+00
   3.5387160e+00
   3.5206082e+00
   3.5025004e+00
   3.4843926e+00
   3.4662849e+00
   3.4481771e+00
   3.4300693e+00
   3.4119615e+00
   3.3938538e+00
   3.3757460e+00
   3.3576382e+00
   3.3395304e+00
   3.3214227e+00
   3.3033149e+00
   3.2852071e+00
   3.2670994e+00
   3.2489916e+00
   3.2308838e+00
   3.2127760e+00
   3.1946683e+00
   3.1765605e+00
   3.1584527e+00
   3.1403449e+00
   3.1222372e+00
   3.1041294e+00
   3.0860216e+00
   3.0679138e+00
   3.0498061e+00
   3.1732101e+00
   3.2966141e+00
   3.4200182e+00
   3.5434222e+00
   3.6668262e+00
   3.7902303e+00
   3.9136343e+00
   4.0370383e+00
   4.1604424e+00
   4.2838464e+00
   4.4072505e+00
   4.5306545e+00
   4.6540585e+00
   4.7774626e+00
   4.9008666e+00
   4.8785236e+00
   4.8561807e+00
   4.8338378e+00
   4.8114948e+00
   4.7891519e+00
   4.7668089e+00
   4.7444660e+00
   4.7221230e+00
   4.6997801e+00
   4.6774371e+00
   4.6550942e+00
   4.6327513e+00
   4.6104083e+00
   4.5880654e+00
   4.5657224e+00
   4.5433795e+00
   4.5210365e+00
   4.4986936e+00
   4.4763506e+00
   4.4540077e+00
   4.4316647e+00
   4.4093218e+00
   4.3869789e+00
   4.3646359e+00
   4.3422930e+00
   4.3199500e+00
   4.2976071e+00
   4.2752641e+00
   4.2529212e+00
   4.2305782e+00
   4.2082353e+00
   4.1858924e+00
   4.1635494e+00
   4.1412065e+00
   4.1188635e+00
   4.0965206e+00
   4.0741776e+00
   4.0518347e+00
   4.0294917e+00
   4.0071488e+00
   3.9848058e+00
   3.9624629e+00
   3.9401200e+00
   3.9177770e+00
   3.8954341e+00
   3.8730911e+00
   3.8507482e+00
   3.8284052e+00
   3.8060623e+00
   3.7837193e+00
   3.7613764e+00
   3.7390335e+00
   3.7166905e+00
   3.6943476e+00
   3.6720046e+00
   3.6496617e+00
   3.6273187e+00
   3.6049758e+00
   3.5826328e+00
   3.5602899e+00
   3.5379469e+00
   3.5824053e+00
   3.6268637e+00
   3.6713220e+00
   3.7157804e+00
   3.7602387e+00
   3.8046971e+00
   3.8491555e+00
   3.8936138e+00
   3.9380722e+00
   3.9825305e+00
   4.0269889e+00
   4.0714472e+00
   4.1159056e+00
   4.1603640e+00
   4.2048223e+00
   4.2492807e+00
   4.2937390e+00
   4.3381974e+00
   4.3826557e+00
   4.4271141e+00
   4.4715725e+00
   4.4089384e+00
   4.3463044e+00
   4.2836703e+00
   4.2210363e+00
   4.1584022e+00
   4.0957682e+00
   4.0331341e+00
   3.9705001e+00
   3.9078660e+00
   3.8452320e+00
   3.7825979e+00
   3.7199639e+00
   3.6573299e+00
   3.5946958e+00
   3.5320618e+00
   3.4694277e+00
   3.4067937e+00
   3.4972859e+00
   3.5877780e+00
   3.6782702e+00
   3.7687624e+00
   3.8592546e+00
   3.9497468e+00
   4.0402390e+00
   4.1307312e+00
   4.2212234e+00
   4.3117155e+00
   4.4022077e+00
   4.4926999e+00
   4.5831921e+00
   4.5646137e+00
   4.5460353e+00
   4.5274569e+00
   4.5088785e+00
   4.4903001e+00
   4.4717217e+00
   4.4531433e+00
   4.4345649e+00
   4.4159865e+00
   4.3974081e+00
   4.3788297e+00
   4.3602513e+00
   4.3416729e+00
   4.3230945e+00
   4.3045161e+00
   4.2859377e+00
   4.2673593e+00
   4.2487809e+00
   4.2302025e+00
   4.2116241e+00
   4.1930457e+00
   4.1744673e+00
   4.1558889e+00
   4.1373105e+00
   4.1187321e+00
   4.1001537e+00
   4.0815753e+00
   4.0629969e+00
   4.0444185e+00
   4.0258401e+00
   4.0072617e+00
   3.9886833e+00
   3.9701049e+00
   3.9515265e+00
   3.9329481e+00
   3.9143697e+00
   3.8957913e+00
   3.8772129e+00
   3.8586345e+00
   3.8400561e+00
   3.8214777e+00
   3.8028993e+00
   3.7843209e+00
   3.7657425e+00
   3.7471641e+00
   3.7285857e+00
   3.7100073e+00
   3.6914289e+00
   3.6728505e+00
   3.6542721e+00
   3.6356937e+00
   3.6171153e+00
   3.5985369e+00
   3.5799585e+00
   3.5613801e+00
   3.5428017e+00
   3.5242233e+00
   3.5056449e+00
   3.4870665e+00
   3.4684881e+00
   3.4499097e+00
   3.4313313e+00
   3.4127529e+00
   3.3941745e+00
   3.3755961e+00
   3.3570177e+00
   3.3384393e+00
   3.3198609e+00
   3.3012825e+00
   3.2827041e+00
   3.2641257e+00
   3.2455473e+00
   3.2269689e+00
   3.2083905e+00
   3.1898121e+00
   3.1712337e+00
   3.1526553e+00
   3.2955218e+00
   3.4383884e+00
   3.5812549e+00
   3.7241215e+00
   3.8669880e+00
   4.0098546e+00
   4.1527211e+00
   4.2955877e+00
   4.4384542e+00
   4.5813208e+00
   4.7241873e+00
   4.8670539e+00
   4.8394733e+00
   4.8118927e+00
   4.7843121e+00
   4.7567315e+00
   4.7291509e+00
   4.7015704e+00
   4.6739898e+00
   4.6464092e+00
   4.6188286e+00
   4.5912480e+00
   4.5636674e+00
   4.5360868e+00
   4.5085062e+00
   4.4809257e+00
   4.4533451e+00
   4.4257645e+00
   4.3981839e+00
   4.3706033e+00
   4.3430227e+00
   4.3154421e+00
   4.2878615e+00
   4.2602809e+00
   4.2327004e+00
   4.2051198e+00
   4.1775392e+00
   4.1499586e+00
   4.1223780e+00
   4.0947974e+00
   4.0672168e+00
   4.0396362e+00
   4.0120557e+00
   3.9844751e+00
   3.9568945e+00
   3.9293139e+00
   3.9017333e+00
   3.8741527e+00
   3.8465721e+00
   3.8189915e+00
   3.7914109e+00
   3.7638304e+00
   3.7362498e+00
   3.7086692e+00
   3.6810886e+00
   3.6535080e+00
   3.6259274e+00
   3.5983468e+00
   3.5707662e+00
   3.5431856e+00
   3.5156051e+00
   3.4880245e+00
   3.4604439e+00
   3.4328633e+00
   3.4052827e+00
   3.3777021e+00
   3.3501215e+00
   3.3225409e+00
   3.2949604e+00
   3.2673798e+00
   3.2397992e+00
   3.2122186e+00
   3.1846380e+00
   3.1570574e+00
   3.1294768e+00
   3.1018962e+00
   3.1717166e+00
   3.2415370e+00
   3.3113573e+00
   3.3811777e+00
   3.4509980e+00
   3.5208184e+00
   3.5906388e+00
   3.6604591e+00
   3.7302795e+00
   3.8000998e+00
   3.8699202e+00
   3.9397406e+00
   4.0095609e+00
   4.0793813e+00
   4.1492016e+00
   4.2190220e+00
   4.2888424e+00
   4.3586627e+00
   4.4284831e+00
   4.4983034e+00
   4.5681238e+00
   4.6379442e+00
   4.7077645e+00
   4.7775849e+00
   4.8474052e+00
   4.9172256e+00
   4.9870460e+00
   5.0568663e+00
   5.1266867e+00
   5.1026315e+00
   5.0785763e+00
   5.0545212e+00
   5.0304660e+00
   5.0064108e+00
   4.9823556e+00
   4.9583005e+00
   4.9342453e+00
   4.9101901e+00
   4.8861350e+00
   4.8620798e+00
   4.8380246e+00
   4.8139694e+00
   4.7899143e+00
   4.7658591e+00
   4.7418039e+00
   4.7177487e+00
   4.6936936e+00
   4.6696384e+00
   4.6455832e+00
   4.6215281e+00
   4.5974729e+00
   4.5734177e+00
   4.5493625e+00
   4.5253074e+00
   4.5012522e+00
   4.4771970e+00
   4.4531418e+00
   4.4290867e+00
   4.4050315e+00
   4.3809763e+00
   4.3569212e+00
   4.3328660e+00
   4.3088108e+00
   4.2847556e+00
   4.2607005e+00
   4.2366453e+00
   4.2125901e+00
   4.1885350e+00
   4.1644798e+00
   4.1404246e+00
   4.1163694e+00
   4.0923143e+00
   4.0682591e+00
   4.0442039e+00
   4.0201487e+00
   3.9960936e+00
   3.9720384e+00
   3.9479832e+00
   3.9239281e+00
   3.8998729e+00
   3.8758177e+00
   3.8517625e+00
   3.8277074e+00
   3.8036522e+00
   3.7795970e+00
   3.7555418e+00
   3.7314867e+00
   3.7074315e+00
   3.6833763e+00
   3.6593212e+00
   3.6352660e+00
   3.6112108e+00
   3.5871556e+00
   3.5631005e+00
