0.02	0.00	2.88
0.07	0.92	2.91
0.12	1.85	2.91
0.17	2.77	2.91
0.22	3.69	2.84
0.27	4.61	2.86
0.32	5.54	2.83
0.37	6.46	2.91
0.42	7.38	2.90
0.47	8.30	2.83
0.52	9.25	3.03
0.57	10.43	2.75
0.67	13.19	3.42
0.72	14.80	4.46
0.77	16.53	4.47
0.82	18.73	4.54
0.87	21.61	4.40
0.92	24.49	4.38
1.02	30.26	4.23
1.07	33.14	4.22
1.12	35.90	4.18
1.17	38.20	4.13
1.22	40.51	4.11
1.27	42.82	3.96
1.32	45.12	3.86
1.37	47.08	4.15
1.42	48.92	4.24
1.47	50.77	4.31
1.52	52.61	3.99
1.57	54.46	4.12
1.62	56.30	4.13
1.67	58.15	3.93
1.72	59.99	4.47
1.77	61.84	4.92
1.82	63.69	4.57
1.87	65.93	4.34
1.92	68.23	3.97
1.97	70.54	3.97
2.02	72.85	4.21
2.07	75.15	4.03
2.12	77.98	4.19
2.17	80.87	3.73
2.22	83.93	3.71
2.27	87.01	3.70
2.32	90.08	3.63
2.37	93.16	3.56
2.47	99.31	3.31
2.52	102.38	2.62
2.62	108.53	3.79
2.72	114.58	2.87
2.77	117.46	2.86
2.82	120.35	3.28
2.87	123.23	3.12
2.92	126.22	2.73
2.97	129.33	3.66
3.02	132.83	4.08
3.12	141.13	4.62
3.22	152.66	4.55
3.27	158.25	4.31
3.32	162.36	3.85
3.37	166.21	3.93
3.42	170.05	4.17
3.47	173.90	4.05
3.52	177.74	4.27
3.57	181.58	4.12
3.62	185.15	4.22
3.67	188.34	3.86
3.72	191.37	3.83
3.77	194.25	3.67
3.82	196.98	3.27
3.87	199.29	3.16
3.92	201.60	3.02
3.97	203.90	2.98
4.02	206.38	3.35
4.07	209.26	3.18
4.12	212.15	3.29
4.17	215.03	3.33
4.22	217.91	3.17
4.27	220.80	3.90
4.32	223.47	3.28
4.37	225.38	3.14
4.42	227.23	3.39
4.47	229.03	3.23
4.52	230.76	3.23
4.57	232.49	3.50
4.62	234.22	3.15
4.67	235.95	3.01
4.72	237.68	3.04
4.77	239.41	3.09
4.82	241.14	3.76
4.87	242.92	3.22
4.92	244.77	3.20
4.97	246.61	4.09
5.02	249.20	3.85
5.07	252.08	4.04
5.12	255.06	4.08
5.17	258.14	4.18
5.22	261.21	4.47
5.27	264.29	4.48
5.32	267.36	3.85
5.37	270.44	3.78
5.42	273.52	3.48
5.47	276.59	4.11
5.52	279.67	4.14
5.57	282.74	3.55
5.62	285.82	3.68
5.67	288.89	3.68
5.72	291.97	3.71
5.77	295.04	3.58
5.82	298.12	3.81
5.87	301.07	3.66
6.02	308.20	3.28
6.07	310.04	3.43
6.12	311.81	3.38
6.17	313.54	3.38
6.22	315.27	3.12
6.32	318.72	3.20
6.37	320.45	3.27
6.42	322.04	3.16
6.47	323.57	3.15
6.52	325.11	3.21
6.57	326.65	3.64
6.62	328.19	3.55
6.67	329.72	3.39
6.72	331.26	3.37
6.77	332.87	3.13
6.82	334.60	3.41
6.87	336.37	3.77
6.92	338.21	3.82
6.97	340.06	4.20
7.02	342.31	4.16
7.07	344.62	4.15
7.12	346.74	3.87
7.17	348.58	4.12
7.22	350.43	4.28
7.27	352.27	4.12
7.32	354.12	3.69
7.37	355.96	3.87
7.42	357.81	4.20
7.47	359.65	4.33
7.52	361.95	4.38
7.57	364.26	4.25
7.62	366.57	4.10
7.67	368.87	4.04
7.69	369.79	4.26
7.74	371.67	3.97
7.79	373.52	3.86
7.84	375.31	3.48
7.89	377.04	3.54
7.94	378.68	3.25
7.99	380.21	3.76
8.04	381.60	4.02
8.09	382.98	3.89
8.14	384.37	4.10
8.24	387.13	3.72
8.29	388.52	3.46
8.39	391.29	3.58
8.44	392.67	3.48
8.74	399.99	2.74
8.84	401.84	2.73
8.89	402.76	2.63
9.19	408.30	3.07
9.34	411.07	2.79
9.39	411.99	2.79
9.44	412.91	2.96
9.64	416.60	2.82
9.74	418.45	3.85
9.84	420.29	3.17
10.09	425.32	4.45
10.14	426.70	3.70
10.24	429.62	4.39
10.29	431.24	4.54
10.34	432.97	4.88
10.44	436.43	5.21
10.49	438.16	5.03
10.59	441.62	5.25
10.64	443.35	4.14
10.69	445.08	4.29
10.74	446.81	4.33
10.79	448.54	4.11
10.84	450.27	4.73
10.99	455.34	3.91
11.04	456.88	4.40
11.09	458.42	3.37
11.14	459.96	4.18
11.44	469.08	4.06
11.49	470.46	4.15
11.54	471.85	3.97
11.59	473.23	4.30
11.64	474.61	3.93
11.69	476.00	3.76
11.74	477.38	3.73
11.79	478.77	3.55
11.84	480.15	3.57
11.89	481.53	3.78
11.99	484.30	3.54
12.04	485.69	3.35
12.14	488.45	2.98
12.19	489.84	3.35
12.24	491.22	3.41
12.29	492.61	3.59
12.34	493.99	3.45
12.39	495.37	3.53
12.44	496.76	3.55
12.49	498.14	3.52
12.54	499.53	3.54
12.69	503.68	3.53
12.74	505.06	3.53
12.79	506.44	3.72
12.84	507.83	3.95
12.89	509.21	3.90
13.04	513.36	4.10
13.09	514.75	3.86
13.14	516.13	3.81
13.19	517.52	3.86
13.24	518.90	3.74
13.29	520.28	3.78
13.34	521.67	3.71
13.39	523.05	3.64
13.49	525.82	3.63
13.99	539.66	3.70
14.04	541.04	4.24
14.09	542.42	4.16
14.14	543.81	4.11
14.19	545.19	4.70
14.24	546.58	4.70
14.29	547.96	4.30
14.34	549.34	4.50
14.39	550.73	4.26
14.49	553.50	4.10
14.54	554.88	4.10
14.59	556.26	4.18
14.64	557.70	4.27
14.69	559.23	4.34
14.74	560.93	4.07
14.79	562.66	4.36
14.84	564.49	3.89
14.89	566.34	4.00
14.94	568.18	3.42
15.09	574.13	3.56
15.14	576.44	3.03
15.24	580.85	4.07
15.29	582.69	3.32
15.34	584.54	4.12
15.39	586.39	3.34
15.44	588.23	4.39
15.49	590.30	4.15
15.54	592.89	3.60
15.64	598.66	3.62
15.69	601.54	3.37
15.74	604.43	3.14
15.79	607.31	3.45
15.85	610.77	3.32
15.90	613.65	2.99
15.95	616.53	3.30
16.00	619.41	3.29
16.05	622.30	4.01
16.10	625.18	4.95
16.15	627.45	5.03
16.24	630.77	4.75
16.28	632.24	4.72
16.43	637.78	4.80
16.53	641.47	4.75
16.58	643.32	4.49
16.63	645.16	4.60
16.68	647.01	4.28
16.73	648.85	4.23
16.78	650.70	4.27
16.83	652.54	4.16
16.88	654.39	4.25
16.93	656.23	4.17
17.03	659.92	4.35
17.08	661.77	4.75
17.13	663.60	4.49
17.18	665.33	4.53
17.23	667.06	4.75
17.28	668.79	4.66
17.33	670.52	4.34
17.38	672.25	4.39
17.43	673.98	4.46
17.48	675.71	4.32
17.53	677.44	4.19
17.58	679.17	3.50
17.63	680.90	4.15
17.68	682.63	3.59
17.73	684.36	3.36
17.78	686.09	3.41
17.83	687.77	3.35
17.88	689.30	3.43
17.93	690.84	3.42
17.98	692.38	3.51
18.03	693.92	3.45
18.08	695.46	3.46
18.13	696.99	3.53
18.18	698.53	3.56
18.23	700.07	3.60
18.28	701.61	3.73
18.33	703.14	3.71
18.38	704.68	3.60
18.43	706.22	3.51
18.48	707.76	3.69
18.53	709.47	3.61
18.58	711.20	3.33
18.63	713.03	3.58
18.68	714.88	3.78
18.73	716.92	3.95
18.78	719.23	3.77
18.88	724.96	3.86
18.93	728.03	3.71
18.98	731.11	3.60
19.03	734.18	3.65
19.08	737.64	3.78
19.13	741.10	3.55
19.18	744.56	4.21
19.23	748.02	4.19
19.28	751.46	4.07
19.33	754.54	3.52
19.38	757.50	3.68
19.43	760.39	3.83
19.48	762.94	3.42
19.53	764.97	3.44
19.58	766.81	3.55
19.63	768.64	3.37
19.66	769.68	3.36
19.68	770.37	3.27
19.73	772.08	3.27
19.78	773.62	3.23
19.83	775.15	3.14
19.88	776.69	3.18
19.93	778.23	3.18
19.98	779.77	3.10
20.03	781.31	3.12
20.08	782.84	3.12
20.13	784.52	3.09
20.18	786.25	3.12
20.23	788.06	3.10
20.33	791.87	3.70
20.43	797.50	4.38
20.53	803.26	4.53
20.58	806.15	4.05
20.63	809.03	3.89
20.68	811.29	3.95
20.73	813.14	3.50
20.78	814.98	3.08
20.83	816.73	3.41
20.93	820.02	3.12
20.98	821.50	3.26
21.03	822.88	4.20
21.08	824.27	3.47
21.13	825.65	3.47
21.18	827.03	3.67
21.23	828.42	3.42
21.28	829.80	3.59
21.33	831.19	3.93
21.38	832.57	3.42
21.48	835.34	3.49
21.53	836.72	3.53
21.58	838.11	3.51
21.63	839.49	3.69
21.68	840.87	3.60
21.73	842.26	3.26
21.78	843.64	3.14
21.83	845.02	3.14
21.88	846.41	3.16
21.93	847.79	3.07
21.98	849.18	3.18
22.03	850.56	3.03
22.08	851.94	3.36
22.13	853.33	3.13
22.18	854.71	3.13
22.23	856.19	3.19
22.28	857.76	3.13
22.33	859.49	3.32
22.38	861.24	3.24
22.43	863.08	3.10
22.48	864.93	3.17
22.58	870.09	4.43
22.63	872.97	3.73
22.68	875.85	4.33
22.73	878.73	4.08
22.78	881.62	3.40
22.83	884.35	3.81
22.88	886.66	3.73
22.93	888.97	3.86
22.98	891.27	3.85
23.03	893.58	4.21
23.08	895.89	3.48
23.18	900.50	3.93
23.23	902.81	3.83
23.28	905.11	3.71
23.33	907.42	3.65
23.38	909.73	3.42
23.43	912.03	3.56
23.48	914.34	3.59
23.53	916.65	2.99
23.58	919.19	4.20
23.68	924.95	3.44
23.73	927.83	3.63
23.78	930.46	3.78
23.83	932.77	3.66
23.88	935.08	3.37
23.93	937.16	3.39
23.98	939.01	3.39
24.03	940.85	3.22
24.08	942.70	3.23
24.13	944.54	3.02
24.18	946.39	2.93
24.23	948.23	3.01
24.28	950.08	2.83
24.33	951.92	2.90
24.38	953.77	2.91
24.43	955.62	2.91
24.48	957.46	2.97
24.53	959.35	3.82
24.58	961.66	4.20
24.63	964.31	4.06
24.68	967.20	4.06
24.73	970.08	3.88
24.78	972.96	3.72
24.83	975.85	3.39
24.88	978.73	3.50
24.93	981.61	3.16
24.98	984.50	3.46
25.03	987.38	3.67
25.08	990.26	3.57
25.13	993.15	3.75
25.18	996.03	3.49
25.23	998.91	3.79
25.28	1001.80	3.85
25.33	1004.25	3.73
25.38	1006.55	3.72
25.43	1008.86	3.64
25.48	1011.16	3.69
25.53	1013.47	3.66
25.58	1015.78	3.61
25.63	1018.08	3.60
25.68	1020.39	3.38
25.73	1022.70	3.22
25.78	1025.00	3.52
25.83	1027.31	3.84
25.93	1032.13	3.37
25.98	1035.02	3.83
26.03	1037.98	3.85
26.08	1041.06	3.95
26.13	1044.48	4.32
26.18	1048.29	4.20
26.23	1052.13	4.11
26.28	1055.98	3.90
26.33	1059.82	3.96
26.38	1063.67	3.98
26.43	1067.51	3.28
26.48	1071.36	3.39
26.53	1075.01	4.01
26.58	1078.27	3.93
26.63	1081.34	4.16
26.73	1085.25	4.28
26.78	1087.09	3.73
26.83	1088.94	3.66
26.88	1090.79	4.13
26.93	1092.63	3.85
26.98	1094.48	3.98
27.03	1096.33	3.87
27.13	1100.01	3.85
27.18	1101.85	3.83
27.28	1105.55	3.95
27.33	1107.39	3.97
27.38	1109.24	3.59
27.43	1111.39	3.64
27.48	1113.69	3.68
27.53	1116.01	3.53
27.58	1118.31	3.64
27.63	1120.62	3.74
27.68	1122.93	4.01
27.73	1125.23	3.94
27.78	1127.54	3.88
27.83	1129.84	3.83
27.88	1132.15	3.30
27.93	1134.46	3.80
27.98	1136.76	3.39
28.03	1139.07	3.87
28.08	1141.38	3.52
28.15	1144.60	3.64
28.20	1146.91	3.55
28.25	1149.22	3.46
28.30	1151.52	3.61
28.35	1153.83	3.67
28.40	1156.14	3.55
28.45	1158.44	3.55
28.50	1160.75	3.56
28.55	1163.05	3.68
28.60	1165.36	3.42
28.65	1167.67	3.27
28.70	1169.97	3.43
28.75	1172.29	3.16
28.80	1175.08	3.43
28.85	1177.96	3.44
28.90	1180.85	3.43
28.95	1183.73	3.40
29.00	1186.61	3.48
29.05	1189.49	3.54
29.10	1192.54	3.28
29.15	1195.78	3.95
29.20	1199.24	3.80
29.25	1202.70	3.51
29.30	1206.16	3.68
29.40	1212.90	3.68
29.45	1215.98	3.09
29.50	1218.87	3.33
29.55	1221.75	3.26
29.60	1224.63	3.05
29.65	1227.51	3.15
29.70	1230.39	3.06
29.75	1233.28	3.01
29.80	1236.16	3.30
29.85	1239.04	3.43
29.90	1241.93	3.53
29.95	1244.83	3.31
30.00	1247.90	4.13
30.05	1251.20	4.38
30.10	1254.89	3.95
30.15	1258.73	3.89
30.20	1262.58	3.85
30.25	1266.43	3.69
30.30	1270.27	3.52
30.35	1274.12	3.62
30.40	1277.96	3.92
30.45	1281.80	3.86
30.50	1285.65	4.15
30.55	1289.49	4.18
30.60	1293.26	4.02
30.65	1296.72	3.94
30.70	1300.09	3.90
30.75	1303.17	3.72
30.80	1306.24	3.79
30.85	1309.31	3.39
30.90	1312.39	3.43
30.95	1315.46	3.48
31.00	1318.54	3.46
31.05	1321.62	3.48
31.10	1324.69	3.84
31.15	1327.76	3.75
31.20	1330.84	3.84
31.25	1333.92	3.82
31.30	1336.99	3.57
31.35	1340.06	3.57
31.40	1343.14	3.68
31.45	1346.22	3.77
31.50	1349.29	3.23
31.55	1352.37	3.19
31.60	1355.45	3.40
31.65	1358.51	3.33
31.70	1361.59	3.62
31.75	1364.67	3.55
31.80	1367.75	3.78
31.85	1370.82	3.71
31.90	1373.90	4.04
31.95	1376.97	3.90
32.00	1380.04	3.78
32.05	1383.12	3.64
32.10	1386.20	3.57
32.15	1389.27	3.54
32.20	1392.34	3.48
32.25	1395.42	3.40
32.30	1398.50	3.31
32.35	1401.47	3.88
32.40	1404.35	3.91
32.50	1409.20	3.81
32.55	1411.52	3.52
32.60	1413.54	3.73
32.65	1415.39	3.61
32.70	1417.22	3.58
32.75	1418.95	3.44
32.80	1420.65	3.42
32.85	1422.19	3.34
32.90	1423.63	3.39
32.95	1425.01	3.10
33.00	1426.39	3.00
33.05	1427.78	3.04
33.10	1429.16	3.06
33.15	1430.54	3.05
33.20	1431.92	3.20
33.25	1433.31	3.12
33.30	1434.69	3.08
33.35	1436.08	3.01
33.40	1437.46	3.09
33.45	1438.84	3.42
33.50	1440.23	3.19
33.55	1441.61	3.20
33.60	1443.00	3.15
33.65	1444.38	3.17
33.70	1445.76	3.22
33.75	1447.20	3.30
33.80	1448.74	3.17
33.85	1450.44	3.02
33.90	1452.17	3.12
33.95	1454.61	3.42
34.00	1457.50	3.67
34.05	1460.46	3.27
34.10	1463.53	4.09
34.15	1466.96	3.29
34.20	1470.78	3.18
34.25	1474.62	3.38
34.30	1478.46	3.16
34.35	1482.30	3.11
34.40	1486.15	3.45
34.45	1489.99	3.23
34.50	1493.84	3.77
34.55	1497.49	3.99
34.60	1500.76	3.87
34.65	1503.82	3.74
34.70	1506.71	3.37
34.75	1509.59	3.55
34.80	1512.47	3.41
34.85	1515.32	3.44
34.90	1517.64	3.42
34.95	1519.94	3.44
35.00	1522.24	3.54
35.05	1524.56	3.56
35.10	1526.86	3.61
35.15	1529.16	3.66
35.20	1531.47	3.65
35.25	1533.78	3.98
35.35	1538.39	3.66
35.40	1540.70	3.92
35.50	1545.71	3.74
35.55	1548.59	3.79
35.60	1551.47	3.46
35.65	1554.36	3.37
35.70	1557.24	3.44
35.75	1560.13	3.45
35.80	1563.01	3.48
35.83	1564.73	3.41
35.88	1567.61	3.44
35.93	1570.49	3.40
36.03	1576.26	3.41
36.08	1579.14	3.42
36.13	1582.03	3.33
36.18	1584.91	3.48
36.23	1587.80	3.37
36.28	1590.68	3.53
36.38	1596.45	3.35
36.43	1599.33	3.34
36.48	1601.93	3.27
36.53	1604.24	3.28
36.58	1606.55	3.39
36.63	1608.85	3.31
36.68	1611.17	3.45
36.73	1613.47	3.62
36.78	1615.77	3.56
36.83	1618.08	3.48
36.88	1620.39	3.44
36.93	1622.69	3.41
36.98	1625.00	3.42
37.03	1627.31	3.42
37.08	1629.61	3.31
37.13	1631.92	3.26
37.18	1634.23	3.52
37.23	1636.54	3.37
37.28	1638.84	3.45
37.33	1641.14	3.24
37.38	1643.83	3.64
37.43	1646.71	3.52
37.48	1649.60	3.65
37.58	1655.36	3.70
37.63	1658.25	3.57
37.68	1661.13	3.61
37.73	1664.01	3.95
37.78	1666.36	3.19
37.83	1668.20	3.48
37.88	1670.05	3.47
37.93	1671.90	3.45
37.98	1673.74	3.45
38.03	1675.59	3.52
38.08	1677.43	3.45
38.13	1679.27	3.43
38.18	1681.12	3.50
38.23	1682.96	3.46
38.28	1684.77	3.60
38.33	1686.50	3.52
38.38	1688.16	3.52
38.43	1689.70	3.42
38.48	1691.10	3.96
38.53	1692.49	3.50
38.58	1693.87	3.68
38.63	1695.25	3.67
38.68	1696.64	3.67
38.73	1698.02	3.72
38.78	1699.41	3.81
38.83	1700.79	3.61
38.88	1702.17	3.93
38.93	1703.55	3.57
38.98	1704.94	3.88
39.03	1706.33	4.03
39.08	1707.71	3.98
39.13	1709.09	3.77
39.20	1711.03	3.57
39.25	1712.41	3.73
39.30	1713.80	3.63
39.35	1715.18	3.51
39.40	1716.56	3.45
39.45	1717.95	3.38
39.50	1719.33	3.55
39.55	1720.72	3.30
39.65	1723.49	3.08
39.70	1724.95	3.11
39.75	1726.50	3.20
39.80	1728.22	3.27
39.85	1729.95	3.22
39.90	1731.68	3.27
39.95	1733.42	3.23
40.00	1735.27	3.32
40.05	1737.12	3.50
40.10	1738.96	3.25
40.15	1740.80	3.46
40.20	1742.64	3.36
40.25	1744.49	3.40
40.30	1746.34	3.49
40.35	1748.18	3.65
40.40	1750.03	3.78
40.45	1751.95	3.51
40.50	1754.26	3.52
40.55	1756.57	3.09
40.60	1758.87	3.23
40.65	1761.18	3.09
40.70	1763.49	3.31
40.75	1765.79	3.29
40.80	1768.10	3.11
40.85	1770.41	3.18
40.90	1772.71	3.11
40.95	1775.02	3.26
41.00	1777.33	3.14
41.05	1779.63	3.08
41.10	1782.40	3.78
41.15	1785.28	3.25
41.20	1788.16	3.46
41.25	1791.05	3.47
41.30	1793.93	3.52
41.35	1796.81	3.35
41.40	1799.69	3.44
41.45	1802.58	3.38
41.50	1805.46	3.40
41.55	1808.35	3.49
41.60	1811.23	3.60
41.65	1814.11	3.46
41.70	1817.00	3.60
41.75	1819.88	3.36
41.80	1822.77	3.43
41.85	1825.65	3.19
41.90	1828.53	3.26
41.95	1831.42	3.19
42.00	1834.30	3.12
42.05	1837.18	3.20
42.10	1840.06	3.23
42.15	1842.95	3.27
42.20	1846.02	3.36
42.25	1849.30	3.53
42.30	1852.97	3.46
42.35	1856.82	3.40
42.40	1860.66	3.45
42.45	1864.50	3.82
42.50	1868.34	3.42
42.55	1872.19	3.37
42.60	1876.03	3.36
42.65	1879.88	3.36
42.70	1883.72	3.43
42.75	1887.56	3.38
42.80	1891.41	3.35
42.85	1895.25	3.34
42.90	1899.10	3.35
42.95	1902.95	3.28
43.00	1906.79	3.28
43.05	1910.63	3.28
43.10	1914.48	3.35
43.15	1918.32	3.29
43.20	1922.17	3.15
43.25	1926.01	3.45
43.30	1929.85	3.26
43.35	1934.57	3.22
43.40	1940.33	3.41
43.45	1946.10	3.43
43.50	1951.87	3.47
43.55	1957.63	3.40
43.60	1963.04	3.29
43.65	1967.04	3.24
43.70	1970.89	3.22
43.75	1974.73	3.44
43.80	1978.57	3.25
43.85	1982.41	3.14
43.90	1986.25	3.23
43.95	1990.10	3.12
44.00	1993.95	3.21
44.05	1997.79	3.17
44.10	2001.63	3.44
44.15	2005.32	3.55
44.20	2008.62	3.05
44.25	2011.69	3.20
44.30	2014.59	3.25
44.35	2017.47	3.16
44.40	2019.81	3.14
44.45	2021.66	3.16
44.50	2023.50	3.20
44.55	2025.35	3.29
44.60	2027.19	3.06
44.65	2029.04	3.32
44.70	2030.89	3.36
44.75	2032.73	3.37
44.80	2034.52	3.44
44.85	2036.24	3.52
44.90	2037.97	3.50
44.95	2039.70	3.44
45.00	2041.43	3.37
45.05	2043.16	3.54
45.10	2044.89	3.49
45.15	2046.62	3.41
45.20	2048.35	3.44
45.25	2050.09	3.26
45.30	2051.82	3.49
45.35	2053.54	3.33
45.40	2055.27	3.41
45.45	2057.01	3.43
45.50	2058.73	2.77
45.55	2060.46	3.48
45.60	2062.19	3.55
45.65	2063.92	3.43
45.70	2065.74	3.87
45.75	2067.58	3.78
45.80	2069.42	3.83
45.85	2071.27	3.85
45.90	2073.11	3.78
45.95	2074.96	3.74
46.05	2078.65	3.86
46.10	2080.50	3.64
46.15	2082.34	3.74
46.20	2084.19	3.54
46.25	2086.03	3.54
46.30	2087.87	3.68
46.35	2089.72	3.52
46.40	2091.57	3.73
46.44	2093.04	3.39
46.50	2095.26	3.56
46.55	2097.10	3.44
46.60	2098.95	3.33
46.65	2100.80	3.27
46.70	2102.64	3.38
46.75	2104.48	3.37
46.80	2106.33	3.41
46.85	2108.17	3.39
46.90	2110.02	3.37
46.95	2112.30	3.32
47.00	2114.62	3.29
47.05	2116.92	3.49
47.10	2119.22	3.25
47.15	2121.54	3.42
47.20	2123.84	3.54
47.25	2126.15	3.32
47.30	2128.46	3.22
47.35	2130.76	3.22
47.40	2133.07	3.28
47.45	2135.37	3.15
47.50	2137.68	3.09
47.55	2139.99	3.08
47.60	2142.29	3.23
47.65	2144.60	3.08
47.70	2147.27	3.68
47.75	2150.15	3.89
47.80	2153.03	3.93
47.85	2155.91	3.73
47.90	2158.79	3.75
47.95	2161.68	3.69
48.00	2164.17	3.51
48.05	2166.48	3.46
48.10	2168.78	3.37
48.15	2171.09	3.55
48.20	2173.39	3.47
48.25	2175.70	3.21
48.30	2178.01	3.24
48.35	2180.31	3.21
48.40	2182.62	3.21
48.45	2184.93	3.29
48.50	2187.23	3.22
48.55	2189.55	3.37
48.60	2191.85	3.62
48.65	2194.15	3.26
48.70	2196.65	3.49
48.75	2199.53	3.47
48.80	2202.41	3.63
48.85	2205.29	3.52
48.90	2208.17	3.32
48.95	2211.06	3.33
49.00	2213.94	3.20
49.05	2216.83	3.12
49.10	2219.79	3.21
49.15	2222.86	3.21
49.20	2225.94	3.06
49.25	2229.02	3.30
49.30	2232.08	3.15
49.35	2235.16	3.28
49.40	2238.24	3.24
49.45	2241.32	3.66
49.50	2244.39	3.86
49.55	2247.47	3.25
49.60	2250.54	3.32
49.65	2253.61	3.08
49.70	2256.69	2.94
49.75	2259.77	2.70
49.80	2262.85	3.25
49.85	2265.92	3.16
49.90	2268.99	3.41
49.95	2272.07	3.37
50.00	2275.14	3.59
50.03	2276.99	3.75
50.08	2280.06	3.66
50.13	2283.14	3.39
50.18	2286.21	3.23
50.23	2289.29	3.24
50.28	2292.32	3.15
50.33	2295.21	3.09
50.38	2297.94	3.17
50.43	2300.24	3.12
50.48	2302.55	3.23
50.53	2304.85	3.35
50.58	2307.16	3.24
50.63	2309.47	3.30
50.68	2311.77	3.58
50.73	2314.08	3.69
50.78	2316.39	3.83
50.83	2318.69	3.61
50.88	2321.00	3.14
50.93	2323.31	3.32
50.98	2325.61	3.24
51.03	2327.92	3.09
51.08	2330.22	3.04
51.13	2332.53	3.11
51.18	2335.09	3.06
51.23	2337.97	2.96
51.28	2340.93	3.00
51.33	2344.00	2.98
51.38	2347.45	2.89
51.43	2351.28	3.33
51.48	2355.49	3.28
51.53	2361.23	3.27
51.58	2367.00	3.05
51.63	2372.77	3.02
51.68	2378.54	3.28
51.73	2384.30	3.02
51.78	2390.06	3.05
51.83	2395.82	3.04
51.88	2401.59	3.30
51.93	2407.35	3.33
51.98	2413.03	3.22
52.03	2417.20	3.16
52.13	2424.88	3.49
52.18	2428.49	3.73
52.23	2431.72	4.23
52.33	2437.65	4.06
52.38	2440.53	3.99
52.43	2443.41	4.07
52.53	2449.17	3.58
52.58	2452.06	3.65
52.63	2454.94	3.19
52.68	2457.82	3.14
52.78	2463.59	3.07
52.83	2466.47	3.07
52.88	2469.35	3.06
52.93	2472.24	3.21
52.98	2474.96	3.27
53.03	2477.27	3.37
53.08	2479.58	3.51
53.13	2481.88	3.52
53.18	2484.19	3.51
53.23	2486.49	3.55
53.28	2488.80	3.74
53.33	2490.95	3.55
53.38	2492.79	3.42
53.43	2494.63	3.34
53.48	2496.38	3.39
53.53	2498.11	3.29
53.58	2499.67	3.31
53.63	2501.14	3.25
53.68	2502.53	3.05
53.73	2503.92	2.98
53.78	2505.30	3.10
53.83	2506.68	3.20
53.88	2508.06	3.30
53.93	2509.45	3.25
53.98	2510.84	3.30
54.03	2512.22	3.31
54.08	2513.60	3.35
54.13	2514.98	3.43
54.18	2516.37	3.53
54.23	2517.75	3.51
54.28	2519.13	3.52
54.33	2520.52	3.44
54.38	2521.90	3.48
54.43	2523.29	3.47
54.48	2524.67	3.48
54.53	2526.06	4.24
54.58	2527.44	3.91
54.63	2528.83	3.89
54.68	2530.21	3.77
54.73	2531.59	3.94
54.78	2532.98	3.70
54.83	2534.36	3.76
54.88	2535.74	3.33
54.93	2537.12	3.50
55.03	2539.89	3.07
55.08	2541.28	3.12
55.13	2542.66	3.02
55.18	2544.04	2.99
55.23	2545.43	2.99
55.28	2546.81	2.93
55.33	2548.20	3.02
55.38	2549.58	2.95
55.43	2550.96	3.08
55.48	2552.28	3.02
55.53	2553.44	2.97
55.58	2554.52	2.99
55.63	2555.45	3.15
55.68	2556.37	3.19
55.73	2557.29	3.21
55.78	2558.21	3.21
55.83	2559.13	3.20
55.88	2560.06	3.21
55.93	2560.98	3.33
55.98	2561.90	3.34
56.03	2562.82	3.36
56.08	2563.75	3.30
56.13	2564.67	3.35
56.18	2565.60	3.39
56.23	2566.52	3.21
56.28	2567.44	3.34
56.33	2568.36	3.09
56.38	2569.28	3.14
56.43	2570.20	3.05
56.48	2571.13	3.11
56.53	2572.05	3.13
56.58	2572.98	3.08
56.63	2573.90	2.91
56.68	2574.82	2.94
56.73	2575.74	3.01
56.78	2576.66	2.98
56.83	2577.58	3.04
56.88	2578.51	3.01
56.93	2579.45	3.00
56.98	2580.62	2.85
57.03	2582.00	2.89
57.08	2583.38	2.96
57.13	2584.86	3.10
57.18	2586.43	3.16
57.23	2588.15	2.94
57.28	2589.96	3.06
57.33	2592.64	3.27
57.38	2595.52	3.50
57.43	2598.53	3.39
57.48	2601.61	3.34
57.50	2602.84	3.93
57.55	2605.92	3.17
57.60	2608.99	3.25
57.65	2612.07	3.17
57.70	2615.14	3.08
57.75	2618.22	3.15
57.80	2621.29	3.24
57.85	2624.37	3.02
57.90	2627.45	3.16
57.95	2630.52	3.33
58.00	2633.55	3.25
58.05	2636.44	3.43
58.10	2639.20	3.43
58.15	2641.52	3.63
58.20	2643.72	3.17
58.25	2645.57	3.09
58.30	2647.41	3.13
58.35	2649.26	3.06
58.40	2651.10	2.99
58.45	2652.94	3.01
58.50	2654.79	2.97
58.55	2656.63	2.87
58.60	2658.48	2.83
58.65	2660.32	3.00
58.75	2664.62	3.04
58.80	2666.93	3.04
58.85	2669.24	2.98
58.90	2671.54	2.75
58.95	2673.85	2.94
59.00	2676.16	2.96
59.05	2678.46	3.04
59.10	2680.77	2.82
59.15	2683.31	3.09
59.20	2686.20	3.14
59.25	2689.16	3.04
59.30	2692.24	3.02
59.35	2695.31	3.11
59.40	2698.38	3.09
59.45	2701.46	3.28
59.50	2704.54	3.36
59.55	2707.61	3.46
59.60	2710.69	3.49
59.65	2713.76	3.44
59.69	2716.22	3.42
59.70	2716.84	3.57
59.74	2719.30	3.40
59.79	2722.37	3.27
59.89	2728.53	3.29
59.94	2731.60	3.04
59.99	2734.67	2.93
60.04	2737.75	2.96
60.09	2740.83	2.95
60.14	2743.90	2.84
60.19	2746.97	2.75
60.24	2750.05	2.95
60.29	2753.13	2.78
60.34	2756.20	3.00
60.39	2759.28	3.06
60.44	2762.35	3.13
60.49	2765.42	3.13
60.54	2768.50	3.19
60.59	2771.58	3.06
60.64	2774.66	3.15
60.69	2778.12	2.99
60.74	2781.97	3.16
60.79	2785.81	2.97
60.84	2789.66	3.08
60.89	2793.50	3.04
60.94	2797.34	3.08
60.99	2801.19	3.33
61.04	2805.04	3.15
61.09	2808.88	3.46
61.14	2812.72	3.63
61.19	2816.57	3.08
61.24	2820.42	3.32
61.29	2824.26	2.85
61.34	2828.10	2.99
61.39	2831.69	2.99
61.44	2834.89	2.94
61.49	2837.97	2.97
61.54	2841.05	3.15
61.59	2844.12	3.02
61.64	2847.16	3.37
61.69	2850.04	3.10
61.74	2852.92	3.12
61.79	2855.80	3.07
61.84	2858.69	3.19
61.89	2861.57	3.17
61.94	2864.30	3.32
61.99	2866.61	3.07
62.04	2868.91	3.13
62.09	2871.22	3.22
62.14	2873.53	3.21
62.19	2875.83	3.21
62.24	2878.13	3.29
62.29	2880.45	3.50
62.34	2882.75	3.42
62.39	2885.05	3.62
62.44	2887.37	3.46
62.49	2889.67	3.12
62.54	2891.98	2.98
62.59	2894.28	3.05
62.64	2896.59	3.03
62.69	2898.90	3.14
62.74	2901.20	3.18
62.79	2903.51	3.11
62.84	2905.82	3.15
62.89	2908.12	3.05
62.94	2910.43	3.25
62.99	2912.74	2.92
63.04	2915.04	3.21
63.09	2917.35	3.27
63.14	2919.65	3.34
63.19	2921.96	3.33
63.24	2924.27	3.38
63.29	2926.57	3.37
63.34	2928.88	3.29
63.39	2931.19	3.48
63.44	2933.49	3.12
63.49	2935.80	3.09
63.54	2938.11	3.32
63.59	2940.76	3.01
63.64	2943.64	2.82
63.69	2946.52	2.87
63.74	2949.40	2.77
63.79	2951.92	2.79
63.84	2954.16	2.90
63.89	2956.00	2.86
63.94	2957.85	2.85
63.99	2959.69	3.00
64.04	2961.54	3.17
64.09	2963.39	2.95
64.14	2965.23	3.02
64.19	2967.08	2.85
64.24	2968.92	3.15
64.29	2970.77	2.94
64.34	2972.61	3.11
64.39	2974.46	3.21
64.44	2976.30	3.12
64.49	2978.15	3.16
64.54	2979.99	3.28
64.59	2981.84	3.30
64.64	2983.68	3.37
64.69	2985.52	3.25
64.74	2987.37	3.00
64.79	2989.22	3.06
64.84	2991.06	3.06
64.89	2992.91	3.35
64.94	2994.75	3.01
64.99	2996.60	3.03
65.04	2998.45	3.05
65.09	3000.29	3.50
65.14	3002.13	3.31
65.19	3003.98	3.42
65.24	3005.82	3.43
65.29	3007.67	3.35
65.34	3009.51	3.37
65.39	3011.36	3.42
65.44	3013.20	3.46
65.49	3015.05	3.42
65.54	3016.90	3.50
65.59	3018.74	2.94
65.64	3020.59	3.08
65.69	3022.43	3.33
65.74	3024.27	3.32
65.79	3026.12	3.35
65.84	3027.97	3.37
65.89	3029.81	3.01
65.94	3031.69	2.98
65.99	3033.99	2.92
66.04	3036.30	3.00
66.09	3038.61	2.96
66.14	3040.91	3.14
66.19	3043.23	3.10
66.24	3045.53	3.15
66.29	3047.83	3.22
66.34	3050.14	3.11
66.39	3052.44	3.11
66.44	3054.75	3.00
66.54	3059.47	2.98
66.59	3062.36	2.96
66.63	3064.66	2.96
66.69	3068.12	2.84
66.74	3071.01	2.84
66.79	3073.89	2.90
66.84	3076.78	2.83
66.89	3079.66	2.88
66.94	3082.54	2.86
66.99	3085.43	2.83
67.04	3088.31	2.78
67.09	3091.19	2.88
67.14	3094.08	2.96
67.19	3096.95	2.98
67.24	3099.83	2.79
67.29	3102.71	2.64
67.34	3105.41	3.05
67.39	3107.71	3.12
67.44	3110.01	3.10
67.49	3112.33	3.10
67.54	3114.63	3.11
67.59	3116.93	3.06
67.64	3119.25	3.13
67.69	3121.55	3.24
67.74	3123.85	3.21
67.79	3126.16	3.16
67.84	3128.47	3.22
67.89	3130.78	3.28
67.94	3133.08	3.21
67.99	3135.38	3.20
68.04	3137.70	3.09
68.09	3140.00	3.15
68.17	3141.00	3.29
68.32	3143.50	3.10
68.47	3145.40	3.09
68.62	3151.58	3.06
68.77	3158.07	2.95
68.92	3164.27	3.01
69.07	3169.57	3.09
69.22	3174.47	3.11
69.37	3178.64	3.17
69.52	3182.54	2.89
69.63	3185.71	2.82
69.63	3185.71	3.13
69.78	3190.48	2.69
69.93	3195.31	2.83
70.28	3208.95	2.72
70.43	3217.45	3.05
70.43	3217.45	2.85
70.58	3226.15	2.90
70.58	3226.15	2.84
70.83	3238.80	2.71
70.98	3243.42	2.70
71.13	3247.78	2.94
71.13	3247.78	2.84
71.28	3251.90	2.91
71.48	3256.43	2.98
71.73	3260.61	2.98
71.88	3263.64	3.05
72.08	3267.88	3.03
72.33	3274.00	3.03
72.48	3277.96	3.07
72.63	3281.94	3.17
72.83	3287.89	3.51
72.83	3287.89	3.04
73.08	3296.16	3.45
73.28	3303.03	3.27
73.43	3307.62	3.15
73.88	3321.40	2.88
74.03	3326.23	3.02
74.03	3326.23	2.86
74.03	3326.23	2.96
74.18	3331.06	2.97
74.33	3335.75	3.04
74.48	3340.43	3.13
74.48	3340.43	3.09
74.64	3345.75	3.16
74.64	3345.75	3.03
74.83	3352.09	3.07
75.43	3371.86	3.09
75.58	3376.55	3.31
75.73	3381.24	3.06
75.88	3385.86	3.01
76.03	3390.38	2.95
76.18	3394.89	2.89
76.33	3398.75	2.92
76.48	3402.36	2.85
76.63	3406.89	3.00
76.78	3411.99	2.91
76.93	3417.09	2.94
77.08	3422.18	2.79
77.23	3427.29	2.82
77.38	3432.39	2.74
77.53	3437.40	2.59
77.68	3442.03	2.45
77.68	3442.03	2.85
77.83	3447.11	2.80
77.98	3453.03	2.72
77.98	3453.03	2.72
77.98	3453.03	2.79
78.13	3459.06	2.59
78.28	3465.11	3.02
78.28	3465.11	3.12
78.48	3474.12	2.75
78.48	3474.12	2.91
78.63	3483.18	2.83
78.78	3491.46	2.65
78.93	3497.49	2.57
79.08	3503.91	2.49
79.23	3510.32	2.62
79.38	3516.74	2.73
79.38	3516.74	2.81
79.38	3516.74	2.57
79.53	3523.16	3.16
79.68	3529.23	2.86
79.83	3534.83	2.88
79.98	3541.91	2.83
80.13	3548.62	2.79
80.28	3554.57	2.81
80.43	3560.51	2.80
80.58	3566.46	2.75
80.73	3572.21	2.75
80.88	3577.09	2.82
80.99	3580.21	2.98
81.19	3585.21	2.95
81.39	3589.67	2.87
81.54	3592.41	2.83
81.84	3598.02	2.76
81.99	3600.92	2.73
82.29	3606.72	3.14
82.44	3610.22	2.79
82.64	3614.59	2.82
82.84	3618.38	2.80
82.99	3621.03	3.27
83.49	3628.44	2.89
83.69	3631.34	3.16
84.14	3638.10	2.92
84.34	3641.76	2.88
84.49	3644.66	2.79
84.49	3644.66	2.76
84.79	3651.65	2.94
85.19	3661.74	2.83
85.39	3667.89	3.23
85.54	3673.29	2.98
85.69	3679.21	2.90
85.89	3686.73	2.62
86.04	3691.53	2.66
86.19	3696.07	3.03
86.39	3700.88	2.77
86.54	3704.32	2.78
86.69	3708.60	2.90
86.89	3714.35	3.01
87.04	3717.54	2.73
87.19	3720.30	2.71
87.39	3723.75	2.73
87.54	3726.34	2.43
87.74	3729.78	2.77
87.94	3733.27	2.59
88.14	3736.96	2.80
88.34	3741.56	2.68
88.49	3745.05	2.95
88.64	3748.70	3.04
88.74	3751.76	2.69
88.94	3758.09	2.69
88.94	3758.09	2.86
89.14	3765.80	2.73
89.14	3765.80	2.72
89.34	3774.11	2.70
89.34	3774.11	2.71
89.54	3782.41	2.61
89.74	3790.73	2.76
89.94	3798.09	2.74
89.94	3798.09	2.65
90.04	3801.40	2.78
90.04	3801.40	2.73
90.24	3807.31	2.62
90.44	3812.55	2.69
90.64	3817.80	2.62
90.84	3823.76	2.93
90.84	3823.76	2.84
91.04	3829.82	2.95
91.24	3835.42	2.79
91.44	3841.00	2.60
91.54	3843.80	2.60
91.74	3850.11	2.66
91.94	3856.05	2.67
92.14	3860.85	2.76
92.34	3864.60	2.87
92.34	3864.60	2.94
92.54	3868.92	2.95
92.74	3873.04	3.04
92.94	3876.73	2.91
93.14	3880.34	2.83
93.34	3883.93	2.90
93.34	3883.93	2.69
93.54	3887.54	2.82
93.74	3891.16	2.70
94.14	3899.32	2.74
94.34	3903.64	2.77
94.34	3903.64	2.71
94.54	3907.97	2.68
94.74	3912.29	2.71
94.94	3916.38	2.83
94.94	3916.38	2.74
94.94	3916.38	2.81
95.34	3925.89	2.69
95.54	3930.81	2.59
95.74	3935.80	2.51
95.94	3940.79	2.82
95.94	3940.79	2.75
96.04	3943.29	2.84
96.26	3948.82	2.75
96.46	3953.27	2.64
96.46	3953.27	2.67
96.66	3957.73	2.58
96.86	3962.18	2.75
97.06	3966.63	2.79
97.06	3966.63	2.74
97.26	3971.09	2.79
97.46	3975.54	2.77
97.66	3979.99	2.79
97.66	3979.99	2.74
97.86	3984.45	2.80
97.86	3984.45	2.78
98.06	3988.93	2.79
98.06	3988.93	2.80
98.26	3995.19	2.94
98.26	3995.19	2.89
98.46	4000.68	2.86
98.68	4006.60	2.73
99.28	4018.66	2.78
99.48	4022.25	2.70
99.68	4025.83	2.68
100.18	4038.92	2.81
100.38	4049.02	2.71
100.58	4057.32	2.65
100.58	4057.32	2.52
100.78	4064.55	2.62
100.98	4072.00	2.67
101.18	4079.53	2.64
101.48	4089.67	2.88
101.58	4092.54	2.72
101.78	4097.50	2.62
101.98	4101.03	2.59
102.18	4104.36	2.59
102.28	4105.93	2.65
102.28	4105.93	2.60
102.48	4108.79	2.61
102.68	4111.62	2.59
102.68	4111.62	2.58
102.88	4114.45	2.70
103.08	4117.30	2.67
103.18	4118.72	2.69
103.18	4118.72	2.67
103.38	4121.93	2.76
103.38	4121.93	2.59
103.58	4125.48	2.77
103.78	4129.14	2.70
104.02	4134.16	2.69
104.22	4139.31	2.67
104.42	4145.42	2.66
104.42	4145.42	2.56
104.62	4152.60	2.88
104.62	4152.60	2.89
104.82	4160.94	2.73
105.02	4168.64	2.63
105.22	4176.30	2.61
105.22	4176.30	2.75
105.42	4183.95	2.67
105.42	4183.95	2.66
105.62	4191.64	2.70
105.82	4199.36	2.88
106.02	4205.87	2.70
106.02	4205.87	2.62
106.22	4210.50	2.62
106.42	4213.97	2.59
106.42	4213.97	2.72
106.62	4217.17	2.76
106.82	4220.35	2.75
107.02	4223.54	2.60
107.22	4226.73	2.63
107.42	4229.92	2.55
107.62	4233.11	2.63
107.82	4236.96	2.71
108.02	4241.40	2.73
108.22	4245.86	2.80
108.42	4250.33	2.81
108.62	4255.30	2.94
108.62	4255.30	2.75
108.82	4261.33	2.73
109.02	4267.36	2.70
109.22	4274.68	2.75
109.22	4274.68	2.75
109.30	4277.64	2.68
109.50	4283.17	2.54
109.70	4288.20	2.76
109.90	4293.26	2.61
110.10	4298.86	2.74
110.30	4304.43	2.58
110.50	4310.01	2.62
110.60	4312.80	2.57
110.80	4318.19	2.73
111.00	4323.57	2.63
111.00	4323.57	2.64
111.20	4328.96	2.69
111.40	4333.26	2.55
111.60	4337.57	2.58
111.60	4337.57	2.58
111.80	4341.88	2.56
112.00	4346.42	2.67
112.00	4346.42	2.58
112.34	4354.40	2.53
112.54	4360.06	2.73
112.74	4365.72	2.85
112.94	4371.07	2.56
113.34	4380.14	2.81
113.54	4384.45	2.64
113.74	4389.66	2.61
113.94	4395.05	2.63
114.14	4400.78	2.84
114.34	4406.49	2.85
114.54	4412.22	2.81
114.54	4412.22	2.59
114.74	4417.59	2.97
114.74	4417.59	2.84
114.89	4421.32	2.61
115.14	4426.63	2.81
115.34	4430.89	2.69
115.34	4430.89	2.77
115.54	4435.14	2.68
115.54	4435.14	2.61
115.74	4439.39	2.66
115.74	4439.39	2.77
115.74	4439.39	2.72
115.94	4443.64	2.69
115.94	4443.64	2.67
116.14	4447.89	2.68
116.34	4452.14	2.76
116.54	4456.39	2.80
116.74	4460.64	2.57
116.94	4465.16	2.56
116.94	4465.16	2.59
117.14	4470.49	2.70
117.34	4475.80	2.59
117.34	4475.80	2.53
117.54	4481.12	2.67
117.74	4486.44	2.69
117.74	4486.44	2.70
117.74	4486.44	2.70
117.94	4491.84	2.83
117.94	4491.84	2.81
118.14	4497.59	2.67
118.34	4503.44	2.72
118.54	4508.54	2.72
118.74	4513.60	2.70
118.74	4513.60	2.68
118.94	4518.67	2.41
119.14	4523.75	2.75
119.34	4528.81	2.74
119.54	4533.38	2.79
119.74	4537.67	2.66
119.94	4541.96	2.75
119.94	4541.96	2.61
119.94	4541.96	2.63
119.94	4541.96	2.69
120.14	4546.25	2.68
120.34	4550.31	2.68
120.54	4553.78	2.62
120.54	4553.78	2.66
120.74	4557.00	2.56
120.94	4559.95	2.71
120.94	4559.95	2.68
121.14	4562.82	2.65
121.34	4565.67	2.68
121.54	4568.53	2.79
121.54	4568.53	3.06
121.64	4569.96	2.84
121.64	4569.96	2.82
121.74	4571.38	2.87
121.84	4572.81	2.90
121.84	4572.81	2.56
121.94	4574.39	2.86
121.94	4574.39	2.78
122.04	4576.09	2.93
122.14	4577.88	2.93
122.24	4579.66	2.94
122.24	4579.66	2.89
122.34	4581.45	2.81
122.34	4581.45	2.81
122.44	4583.35	2.92
122.54	4585.31	2.76
122.54	4585.31	2.79
122.54	4585.31	3.10
122.62	4587.11	2.80
122.62	4587.11	2.74
123.14	4598.25	2.84
123.14	4598.25	2.82
123.34	4601.69	2.90
123.34	4601.69	2.56
123.54	4605.12	2.93
123.74	4610.00	2.94
123.74	4610.00	2.89
123.99	4616.08	2.99
124.19	4620.58	2.63
124.19	4620.58	2.73
124.39	4624.92	2.72
124.39	4624.92	2.99
124.59	4629.27	2.80
124.79	4633.62	2.67
124.79	4633.62	2.67
124.99	4637.95	2.70
125.19	4642.29	2.62
125.19	4642.29	2.64
125.39	4646.52	2.75
125.59	4650.34	2.75
125.59	4650.34	2.77
125.79	4653.65	2.78
126.09	4658.53	2.61
126.29	4661.68	2.61
126.49	4664.84	2.67
126.49	4664.84	2.59
126.69	4667.99	2.78
126.89	4671.14	2.64
127.09	4674.30	2.72
127.29	4677.59	2.55
127.49	4682.12	2.68
127.69	4686.21	2.81
127.89	4691.37	2.81
128.09	4696.77	2.92
128.29	4701.10	2.87
128.49	4705.35	2.78
128.69	4709.61	2.73
128.89	4713.86	2.67
129.09	4717.52	2.71
129.29	4721.10	2.76
129.49	4724.68	2.92
129.69	4728.26	2.98
129.77	4729.67	2.92
129.97	4733.25	2.94
130.17	4736.74	2.91
130.37	4741.07	2.83
130.57	4745.18	2.95
130.77	4748.63	2.80
130.97	4751.88	2.81
131.37	4758.36	2.80
131.47	4759.72	2.81
131.57	4761.09	2.68
131.77	4763.69	2.91
131.87	4764.99	2.93
132.17	4768.88	3.10
132.37	4771.44	3.04
132.57	4774.09	3.00
132.77	4776.65	2.99
132.97	4779.21	2.92
133.17	4781.81	2.94
133.55	4787.30	2.85
133.75	4790.78	2.80
133.95	4795.44	2.81
134.15	4800.11	2.81
134.35	4804.93	2.94
134.55	4809.60	2.92
134.75	4814.30	2.98
134.95	4818.81	2.92
135.15	4824.22	2.77
135.35	4829.81	2.79
135.55	4835.03	2.73
135.75	4839.24	2.76
135.95	4843.22	2.95
136.15	4845.90	2.98
136.35	4848.55	3.05
136.55	4851.19	3.06
136.75	4853.89	2.90
136.95	4857.27	2.85
137.15	4860.60	2.75
137.35	4863.57	2.81
137.55	4867.05	2.69
137.75	4871.00	2.63
137.95	4874.82	2.70
138.15	4878.80	2.69
138.35	4883.12	2.73
138.55	4886.91	2.76
138.75	4889.82	2.99
139.15	4895.07	3.29
139.35	4897.29	3.32
139.55	4899.29	3.26
139.75	4901.30	3.20
139.95	4903.31	3.05
140.15	4905.32	2.87
140.35	4907.32	2.75
140.55	4909.34	2.82
140.75	4911.38	2.74
140.95	4913.39	2.66
141.03	4914.20	2.78
141.23	4916.22	2.76
141.43	4918.25	2.78
141.63	4920.27	2.74
141.83	4922.19	2.73
142.03	4924.31	2.71
142.23	4926.71	2.85
142.43	4929.48	2.62
142.63	4932.48	2.82
142.83	4935.85	2.85
143.03	4940.06	2.91
143.23	4944.92	2.90
143.43	4951.13	2.69
143.63	4958.80	2.55
143.81	4965.84	2.71
144.01	4972.78	2.65
144.21	4978.74	2.90
144.41	4984.53	2.65
144.61	4990.47	2.71
144.81	4996.31	2.58
145.01	5001.27	2.71
145.21	5005.63	2.64
145.41	5010.07	2.82
145.71	5015.96	2.62
145.91	5019.80	2.61
146.11	5023.54	2.58
146.31	5027.60	2.66
146.51	5032.40	2.60
146.71	5036.45	2.65
146.91	5039.00	2.84
147.21	5043.71	2.94
147.51	5049.72	2.91
147.71	5053.78	2.84
147.91	5057.67	2.73
148.11	5061.73	2.61
148.31	5065.66	2.71
148.61	5070.64	2.64
148.81	5073.73	2.54
149.01	5076.66	2.66
149.21	5079.16	2.61
149.41	5081.63	2.58
149.61	5084.18	2.68
149.81	5088.47	2.46
150.11	5094.72	2.60
150.31	5099.01	2.74
150.51	5103.29	2.91
150.71	5107.56	2.84
150.91	5112.82	2.78
151.13	5120.21	2.67
151.33	5127.85	2.66
151.53	5136.41	2.66
151.73	5142.61	2.70
151.93	5147.78	2.56
152.13	5152.56	2.67
152.33	5156.96	2.84
152.53	5161.42	2.69
152.73	5165.75	2.78
152.93	5170.08	2.89
153.13	5174.41	2.90
153.33	5178.67	2.88
153.53	5183.05	2.80
153.73	5187.33	2.86
153.93	5191.76	2.76
154.13	5196.69	2.63
154.33	5201.69	2.63
154.53	5206.46	2.84
154.73	5211.20	2.71
154.90	5215.26	2.61
155.72	5232.77	2.54
155.82	5235.18	2.70
155.92	5237.62	2.80
156.02	5240.36	2.86
156.12	5243.33	2.80
156.32	5249.28	2.85
156.42	5252.25	2.93
156.52	5255.06	2.81
156.62	5257.57	2.84
156.72	5259.94	2.86
156.82	5262.32	2.75
156.92	5264.70	2.77
157.02	5267.08	2.79
157.12	5269.31	2.60
157.22	5271.55	2.73
157.32	5273.36	2.69
157.42	5275.32	2.67
157.52	5277.60	2.61
157.62	5279.57	2.73
157.72	5281.08	2.72
157.82	5282.54	2.87
157.92	5283.96	2.67
158.02	5285.24	2.72
158.12	5286.75	2.71
158.22	5288.35	2.83
158.32	5289.84	2.83
158.42	5291.41	2.82
158.52	5292.84	2.78
158.62	5294.28	2.90
158.72	5295.63	2.91
158.82	5297.06	2.85
158.92	5298.51	2.94
159.02	5300.10	2.79
159.12	5301.80	2.73
159.22	5303.58	2.76
159.33	5305.43	2.75
159.43	5306.99	2.65
159.51	5308.18	2.62
159.61	5309.89	2.67
159.72	5312.01	2.52
159.82	5314.17	2.60
159.92	5316.71	2.70
160.12	5322.34	2.62
160.22	5324.91	2.59
160.32	5327.35	2.60
160.42	5329.65	2.70
160.52	5331.93	2.75
160.62	5333.83	2.70